# avg	std	min	max
0.00579 0.00000 0.00579 0.00579
0.00000 0.00000 0.00000 0.00000
-0.00492 0.00027 -0.00526 -0.00465
-0.02124 0.00008 -0.02135 -0.02111
-0.05576 0.01603 -0.06910 -0.03603
-0.07305 0.03424 -0.10429 -0.00759
-0.50566 0.41783 -0.91004 0.00301
-0.00171 0.00945 -0.02061 0.00301
0.00333 0.00000 0.00333 0.00333
0.00301 0.00000 0.00301 0.00301
-0.01045 0.00001 -0.01046 -0.01043
-0.00729 0.00003 -0.00734 -0.00724
-0.33289 0.46516 -1.18001 0.00301
-0.20684 0.00314 -0.21069 -0.20422
0.00301 0.00000 0.00301 0.00301
-0.14496 0.00057 -0.14559 -0.14424
-0.01996 0.10228 -0.14509 0.07566
-0.01001 0.00161 -0.01255 -0.00848
-0.03499 0.00637 -0.04051 -0.02563
-0.02068 0.00226 -0.02261 -0.01786
