# avg	std	min	max
-0.02447 0.00016 -0.02477 -0.02434
-0.02433 0.00004 -0.02440 -0.02430
-0.01992 0.00017 -0.02022 -0.01968
-0.02230 0.00259 -0.02641 -0.02021
-0.02002 0.00009 -0.02017 -0.01992
-0.02449 0.00016 -0.02479 -0.02437
-0.02489 0.00231 -0.02648 -0.02031
-0.02651 0.00005 -0.02655 -0.02642
-0.02452 0.00015 -0.02471 -0.02436
-0.02447 0.00012 -0.02468 -0.02437
-0.02441 0.00006 -0.02450 -0.02434
-0.01972 0.00064 -0.02032 -0.01848
-0.02239 0.00310 -0.02642 -0.01882
-0.02335 0.00049 -0.02432 -0.02300
-0.02441 0.00007 -0.02449 -0.02430
-0.00018 0.00017 -0.00040 -0.00001
-0.02503 0.00194 -0.02667 -0.02265
-0.03456 0.00040 -0.03490 -0.03387
-0.04341 0.01727 -0.05889 -0.02021
-0.02062 0.00267 -0.02393 -0.01822
