# avg	std	min	max
-0.10717 0.02079 -0.13242 -0.07699
-0.10928 0.02172 -0.12519 -0.06629
-0.09695 0.01921 -0.13015 -0.07640
-0.13276 0.01267 -0.14670 -0.11371
-0.06607 0.02012 -0.10213 -0.04897
-0.12764 0.02080 -0.16204 -0.09643
-0.10729 0.01099 -0.12348 -0.09432
-0.12115 0.02926 -0.15721 -0.08138
-0.05077 0.04322 -0.10590 0.00933
-0.09079 0.01508 -0.10817 -0.06527
-0.07872 0.00702 -0.09093 -0.06941
-0.12702 0.01089 -0.14754 -0.11607
-0.12666 0.00613 -0.13689 -0.11781
-0.12716 0.02566 -0.16974 -0.09704
-0.07299 0.01018 -0.08289 -0.05530
-0.00537 0.05963 -0.07952 0.06930
0.01051 0.02191 -0.01619 0.04657
-0.13870 0.00457 -0.14776 -0.13554
-0.13879 0.02193 -0.15910 -0.09799
-0.10790 0.02717 -0.15139 -0.07593
