# avg	std	min	max
0.00000 0.00000 0.00000 0.00000
0.06701 0.10907 -0.02342 0.28120
1.24346 0.72610 0.18213 2.10550
1.97161 1.73282 0.02968 4.61065
1.45585 1.23825 0.42860 3.82998
0.02452 0.54392 -0.49263 1.01111
2.41100 1.64938 -0.46158 4.33840
6.10226 2.85273 3.18170 10.10045
0.10590 0.24591 -0.18844 0.48952
0.11218 0.28497 -0.27340 0.42181
0.42165 0.38274 -0.17354 0.95627
0.40165 0.55812 -0.24680 1.35162
1.54636 1.65414 -0.81168 3.06802
1.13422 0.41924 0.71185 1.92052
1.07747 0.81405 0.43966 2.61440
3.43849 1.26553 2.18245 5.03277
2.14120 0.44901 1.47121 2.81946
0.98881 1.43751 -0.48810 3.32996
0.36576 1.19408 -0.60158 2.64672
2.96804 0.91944 1.21364 3.62042
