# avg	std	min	max
0.00000 0.00000 0.00000 0.00000
0.00000 0.00000 0.00000 0.00000
0.00295 0.00347 0.00084 0.00987
-0.00072 0.01297 -0.02568 0.00971
0.00307 0.00406 -0.00037 0.00923
-0.00563 0.01210 -0.02610 0.01051
-0.00039 0.00048 -0.00131 0.00000
-0.00619 0.01472 -0.03389 0.00891
-0.00060 0.00137 -0.00332 0.00034
-0.00115 0.00173 -0.00461 -0.00010
-0.00240 0.00369 -0.00686 0.00172
-0.00066 0.00161 -0.00328 0.00146
-0.00162 0.00628 -0.00883 0.00849
0.00189 0.00377 0.00000 0.00943
-0.00309 0.00621 -0.01530 0.00174
-0.01639 0.01066 -0.03657 -0.00740
-0.00449 0.01332 -0.02590 0.00838
0.00130 0.00425 -0.00317 0.00942
-0.00573 0.01173 -0.02870 0.00338
0.00134 0.00420 -0.00173 0.00962
