# avg	std	min	max
0.00000 0.00000 0.00000 0.00000
0.00000 0.00000 0.00000 0.00000
0.00000 0.00000 0.00000 0.00000
-0.00144 0.00121 -0.00286 0.00000
0.00000 0.00000 0.00000 0.00000
0.00005 0.00010 0.00000 0.00025
0.00000 0.00000 0.00000 0.00000
-0.00065 0.00129 -0.00323 0.00000
-0.00911 0.00217 -0.01342 -0.00753
0.00000 0.00000 0.00000 0.00000
0.00000 0.00000 0.00000 0.00000
0.00000 0.00000 0.00000 0.00000
0.00000 0.00000 0.00000 0.00000
-0.00019 0.00025 -0.00060 0.00000
0.00002 0.00021 -0.00028 0.00038
0.00956 0.00015 0.00933 0.00975
0.00841 0.00057 0.00756 0.00902
-0.00011 0.00014 -0.00032 0.00000
-0.00071 0.00115 -0.00300 0.00000
-0.00011 0.00014 -0.00034 0.00000
