# avg	std	min	max
0.00000 0.00000 0.00000 0.00000
0.23642 0.05935 0.13760 0.30046
-0.43410 0.06461 -0.54201 -0.36529
-0.45070 0.17210 -0.59771 -0.13908
-0.37801 0.43626 -0.94981 0.20851
-0.61840 0.32911 -1.01331 -0.23303
-0.39369 0.22605 -0.81912 -0.17877
-0.40702 0.29273 -0.71921 0.05633
0.40232 0.22757 0.10699 0.69230
0.68922 0.05024 0.62487 0.75749
0.10173 0.05028 0.01798 0.15659
0.00517 0.07169 -0.09774 0.12153
-0.45183 0.31420 -0.89581 -0.12183
0.53813 0.20043 0.35360 0.81949
0.33044 0.40780 0.02225 1.13424
0.87371 0.07814 0.74660 0.93891
0.32075 0.01314 0.30119 0.33783
0.09665 0.61982 -0.52246 1.27888
0.05317 0.17014 -0.22366 0.23226
0.51374 0.19865 0.21057 0.72084
