# avg	std	min	max
0.00000 0.00000 0.00000 0.00000
-0.00612 0.01724 -0.01474 0.02837
0.10666 0.01851 0.08389 0.12950
0.11496 0.02435 0.06625 0.12751
0.05084 0.00926 0.04287 0.06861
0.04394 0.00047 0.04347 0.04475
0.19339 0.06015 0.11756 0.24630
0.28256 0.04823 0.22327 0.33075
0.12464 0.00157 0.12257 0.12621
0.04897 0.00226 0.04769 0.05349
0.05853 0.02094 0.02994 0.09398
0.05414 0.02400 0.02232 0.08856
0.26217 0.09651 0.07283 0.34456
0.02871 0.01953 -0.01022 0.04029
-0.14162 0.28640 -0.70887 0.04513
0.46704 0.05612 0.38469 0.53926
0.31390 0.00134 0.31252 0.31635
-0.31353 0.32671 -0.96638 -0.12430
-0.26477 0.05634 -0.32110 -0.16475
-0.91717 0.03429 -0.93501 -0.84861
