# avg	std	min	max
-0.00617 0.01134 -0.02882 0.00006
-0.00088 0.00046 -0.00123 0.00002
-0.00176 0.00206 -0.00580 -0.00005
0.00586 0.00065 0.00474 0.00653
0.00496 0.00248 0.00000 0.00636
0.00469 0.00240 -0.00005 0.00621
0.00500 0.00265 -0.00004 0.00766
0.00062 0.00238 -0.00111 0.00530
-0.00056 0.00054 -0.00122 0.00011
-0.00282 0.00268 -0.00612 0.00011
-0.00305 0.00239 -0.00614 0.00001
-0.00273 0.00269 -0.00639 -0.00010
-0.00322 0.00243 -0.00620 -0.00112
0.00006 0.00006 -0.00002 0.00016
-0.00021 0.00066 -0.00145 0.00054
0.01307 0.00447 0.00439 0.01711
-0.00038 0.00049 -0.00106 0.00004
0.00200 0.00581 -0.00857 0.00632
-0.00140 0.00239 -0.00613 0.00001
0.00000 0.00001 -0.00001 0.00003
