# avg	std	min	max
1.54361 0.50054 0.94382 2.19596
1.80423 0.91181 0.19528 2.81447
1.27170 0.60698 0.56764 2.14029
1.11535 0.52923 0.58139 2.12202
0.89481 0.15971 0.71131 1.16617
1.87530 0.38742 1.14037 2.26709
1.83918 0.22568 1.66176 2.28360
2.57555 1.60009 0.47810 4.91837
0.85298 0.85766 -0.63203 1.74571
1.88540 0.33282 1.66546 2.53534
1.83015 0.29535 1.31213 2.13147
1.79917 0.55668 0.91648 2.44059
1.13200 0.45212 0.34964 1.61031
1.71771 0.63425 1.03019 2.52184
1.40049 0.53756 0.47542 1.95158
4.62726 0.99841 2.76592 5.51826
2.47709 0.60861 1.94894 3.39534
0.09238 0.50164 -0.67945 0.89299
-0.37661 0.33700 -0.76849 0.09458
1.22188 0.28084 0.76594 1.53494
