# avg	std	min	max
-0.00151 0.00110 -0.00249 0.00045
-0.00270 0.00020 -0.00294 -0.00248
-0.00004 0.00043 -0.00062 0.00067
0.00249 0.00064 0.00147 0.00338
-0.00012 0.00025 -0.00060 0.00012
0.00072 0.00045 -0.00005 0.00124
0.00833 0.00071 0.00795 0.00976
0.00428 0.00041 0.00383 0.00485
-0.00389 0.01903 -0.04060 0.01119
-0.00205 0.00098 -0.00315 -0.00082
-0.00004 0.00024 -0.00052 0.00016
-0.00027 0.00029 -0.00067 0.00007
0.00926 0.00094 0.00799 0.01088
0.00079 0.00147 -0.00184 0.00266
-0.00051 0.00052 -0.00125 0.00011
-0.00920 0.02861 -0.03585 0.04201
0.00246 0.00076 0.00165 0.00376
0.00000 0.00000 0.00000 0.00000
-0.01341 0.00555 -0.01938 -0.00293
-0.07208 0.14757 -0.36718 0.00447
