# avg	std	min	max
0.00032 0.00064 0.00000 0.00160
0.00000 0.00000 0.00000 0.00000
-0.00129 0.00258 -0.00645 0.00000
0.00000 0.00000 0.00000 0.00000
-0.00279 0.00343 -0.00746 0.00000
-0.00105 0.00210 -0.00526 0.00000
0.00000 0.00000 0.00000 0.00000
0.00000 0.00000 0.00000 0.00000
0.00043 0.00112 -0.00088 0.00248
0.00028 0.00056 0.00000 0.00140
0.00000 0.00000 0.00000 0.00000
0.00000 0.00000 0.00000 0.00000
-0.00018 0.00017 -0.00044 0.00000
0.00000 0.00000 0.00000 0.00000
-0.00733 0.01058 -0.02775 0.00000
-0.01193 0.00094 -0.01257 -0.01005
-0.00772 0.00033 -0.00812 -0.00712
0.00013 0.00650 -0.01244 0.00443
0.00910 0.00423 0.00398 0.01435
0.00050 0.00100 0.00000 0.00249
