# avg	std	min	max
-0.01629 0.01448 -0.03697 0.00042
-0.03222 0.02259 -0.06253 0.00041
-0.02453 0.02262 -0.05696 0.00026
-0.00007 0.00059 -0.00113 0.00063
-0.00690 0.00047 -0.00774 -0.00630
0.00360 0.01058 -0.00670 0.02408
0.01638 0.02222 0.00000 0.05720
-0.00677 0.00068 -0.00807 -0.00618
-0.03631 0.00682 -0.04304 -0.02781
-0.01128 0.01500 -0.03596 0.00041
-0.01004 0.01255 -0.02830 0.00026
-0.00888 0.01108 -0.02257 0.00025
0.02304 0.00105 0.02220 0.02468
-0.00610 0.00881 -0.02230 0.00019
-0.01335 0.01118 -0.02268 0.00040
-0.00084 0.00985 -0.01709 0.01213
-0.00142 0.02196 -0.04366 0.01324
0.01653 0.00060 0.01601 0.01749
0.01235 0.02633 -0.02126 0.03724
0.00593 0.00400 0.00157 0.01114
