# avg	std	min	max
0.00028 0.00042 0.00000 0.00109
-0.00004 0.00008 -0.00019 0.00000
0.00023 0.00083 -0.00066 0.00180
0.00000 0.00000 0.00000 0.00000
0.00032 0.00045 0.00000 0.00114
0.00532 0.00288 0.00022 0.00840
0.00304 0.00372 0.00000 0.00760
0.00009 0.00056 -0.00037 0.00115
0.00000 0.00000 0.00000 0.00000
0.00000 0.00000 0.00000 0.00000
0.00000 0.00000 0.00000 0.00000
0.00000 0.00000 0.00000 0.00000
0.00016 0.00048 -0.00071 0.00064
0.00000 0.00000 0.00000 0.00000
0.00042 0.00053 0.00000 0.00123
0.02510 0.00010 0.02504 0.02530
0.01640 0.00009 0.01623 0.01652
-0.07208 0.00367 -0.07662 -0.06567
-0.11321 0.00679 -0.12294 -0.10650
0.00000 0.00000 0.00000 0.00000
