# avg	std	min	max
0.41937 0.00596 0.41637 0.43130
0.03598 0.00000 0.03598 0.03598
-0.03809 0.03586 -0.06854 0.00671
0.08095 0.11713 -0.06835 0.28867
-0.08491 0.18415 -0.41920 0.10817
0.05543 0.10372 -0.10110 0.21150
0.13974 0.12333 -0.05980 0.30134
0.05326 0.16321 -0.26609 0.17542
0.05005 0.16535 -0.27745 0.17266
-0.00748 0.00121 -0.00811 -0.00506
-0.13056 0.10305 -0.27319 -0.03631
-0.11785 0.06936 -0.22260 -0.04985
-0.00271 0.09253 -0.14343 0.13660
0.00027 0.00000 0.00027 0.00027
0.02469 0.03777 -0.05047 0.04973
0.04428 0.05832 -0.07208 0.08034
0.15829 0.07084 0.07599 0.26829
-0.46757 0.17417 -0.63458 -0.23515
-0.48039 0.16698 -0.75170 -0.24318
-0.16847 0.14742 -0.36022 0.02725
