# avg	std	min	max
-0.14888 0.01403 -0.17110 -0.13104
0.28835 0.00587 0.28015 0.29567
0.21194 0.00568 0.20507 0.22232
0.04435 0.12742 -0.13339 0.14785
0.17369 0.02316 0.14669 0.20372
-0.36394 0.04235 -0.43091 -0.30169
-0.26981 0.07213 -0.35431 -0.17758
-0.23173 0.06295 -0.31156 -0.12388
-0.53839 0.00949 -0.55198 -0.52667
0.16058 0.00658 0.15620 0.17359
0.11419 0.00167 0.11151 0.11639
0.17985 0.01970 0.14648 0.20199
-1.62708 0.10226 -1.74994 -1.51592
0.01011 0.01181 -0.00410 0.02462
0.16432 0.06313 0.12050 0.28828
0.03688 0.01602 0.00792 0.05174
0.19767 0.02214 0.17058 0.23781
-0.26414 0.28848 -0.55780 0.09190
-0.64379 0.07443 -0.74432 -0.54215
0.21230 0.04132 0.17220 0.27095
