# avg	std	min	max
-0.00829 0.00822 -0.01607 0.00748
0.00167 0.00283 -0.00163 0.00648
-0.04007 0.03479 -0.10888 -0.01302
-0.00082 0.01056 -0.02190 0.00525
-0.11920 0.00588 -0.12741 -0.11409
0.01206 0.00814 -0.00333 0.01864
-0.01923 0.00706 -0.02933 -0.00890
-0.01910 0.00730 -0.02808 -0.00927
0.00005 0.00010 -0.00016 0.00010
0.02633 0.05049 -0.00145 0.12724
-0.05120 0.02151 -0.07756 -0.02060
0.03316 0.07093 -0.00778 0.17395
-0.02496 0.00435 -0.03057 -0.01941
-0.02454 0.00205 -0.02826 -0.02206
-0.01569 0.00139 -0.01652 -0.01292
0.17816 0.00365 0.17490 0.18280
0.15205 0.00979 0.13476 0.16526
-0.05730 0.00412 -0.06353 -0.05207
-0.16859 0.01653 -0.18332 -0.14719
-0.01880 0.00100 -0.01960 -0.01715
