# avg	std	min	max
-0.00731 0.00370 -0.01104 -0.00254
-0.00764 0.00450 -0.01332 -0.00341
0.02673 0.00153 0.02490 0.02922
-0.03016 0.01698 -0.04276 0.00270
0.01163 0.00537 0.00549 0.02151
0.01190 0.00499 0.00600 0.02017
-0.02432 0.01029 -0.03998 -0.00840
-0.00405 0.00886 -0.01907 0.00753
0.27256 0.46757 -0.12102 1.19201
-0.01401 0.00886 -0.02731 0.00001
0.01567 0.01946 -0.01546 0.04413
-0.01204 0.00596 -0.01957 -0.00260
-0.03368 0.00683 -0.04639 -0.02622
-0.00918 0.00448 -0.01601 -0.00195
-0.00167 0.00805 -0.01600 0.00902
0.10308 0.00470 0.09544 0.11006
0.09541 0.01280 0.08118 0.11108
-0.05537 0.00657 -0.06403 -0.04689
-0.01663 0.00538 -0.02269 -0.00679
-0.02362 0.00652 -0.03255 -0.01256
