# avg	std	min	max
0.53041 0.07013 0.45408 0.61896
0.46655 0.06002 0.41249 0.57965
-0.15152 0.04238 -0.23102 -0.11054
-0.19705 0.01334 -0.21555 -0.17762
-0.08688 0.27179 -0.42927 0.14610
-0.24582 0.06513 -0.29837 -0.11747
-0.04565 0.02238 -0.06496 -0.00693
0.12435 0.07930 0.05132 0.22650
-0.72366 0.11232 -0.86580 -0.57223
0.39148 0.08404 0.24511 0.47325
0.34654 0.12854 0.17701 0.49340
0.07402 0.15256 -0.19053 0.26023
0.05396 0.02876 0.01532 0.09274
0.21600 0.18033 -0.01904 0.46130
0.00401 0.01417 -0.01561 0.02834
0.18146 0.09391 0.02857 0.30076
-0.23906 0.02417 -0.28494 -0.21305
-0.14940 0.13868 -0.40912 -0.02063
-0.19650 0.16435 -0.40050 0.00483
0.25540 0.01429 0.23572 0.27828
