# avg	std	min	max
0.20646 0.30735 -0.09577 0.62188
0.19587 0.05450 0.13547 0.29766
0.20721 0.05796 0.13413 0.26974
0.21651 0.01013 0.19917 0.22882
-0.00600 0.07385 -0.08860 0.08535
0.11368 0.05820 0.05972 0.20193
-0.00104 0.13957 -0.14104 0.19568
0.16290 0.10810 0.06204 0.34661
0.06341 0.08224 -0.08074 0.16446
0.13111 0.06876 0.08471 0.26722
0.09529 0.11390 -0.01988 0.31281
0.21015 0.18104 -0.03940 0.51939
0.04479 0.15928 -0.18770 0.22881
-0.12901 0.34784 -0.57814 0.23069
0.21495 0.08338 0.06152 0.29674
-0.33992 0.44323 -0.90046 0.22350
0.30136 0.15486 0.01263 0.45492
0.10861 0.08969 0.00631 0.23296
-0.01562 0.01219 -0.03740 0.00042
-0.07197 0.15480 -0.23630 0.12145
