# avg	std	min	max
-0.03594 0.04899 -0.12621 0.00270
0.05732 0.07314 -0.06565 0.16461
0.13227 0.14916 -0.13979 0.26017
0.27332 0.22134 -0.09603 0.54270
0.70790 0.38830 0.26009 1.16920
0.89021 0.74480 0.15136 2.04228
2.93357 1.09362 2.27371 5.11475
3.13977 1.63569 0.26820 4.56481
0.18003 0.24636 -0.21039 0.44231
0.00000 0.00000 0.00000 0.00001
0.02984 0.01462 0.01335 0.04727
0.00748 0.11481 -0.16724 0.10884
1.27044 0.86446 0.19581 2.26718
0.26959 0.16624 0.04883 0.50400
0.78832 0.52673 0.31287 1.75703
1.11281 0.32473 0.72522 1.54996
0.75199 0.31670 0.14078 1.05316
0.61753 0.50526 0.02037 1.54304
2.14584 1.55355 -0.30936 4.55116
2.50115 1.16630 0.24580 3.41573
