# avg	std	min	max
0.00000 0.00000 0.00000 0.00000
0.00000 0.00000 0.00000 0.00000
-0.00124 0.00152 -0.00326 0.00000
0.00065 0.00102 0.00000 0.00268
-0.00280 0.00430 -0.01109 0.00000
-0.00543 0.00284 -0.00773 0.00000
0.00000 0.00000 0.00000 0.00000
0.00000 0.00000 0.00000 0.00000
0.00061 0.00113 0.00000 0.00287
0.00000 0.00000 0.00000 0.00000
0.00000 0.00000 0.00000 0.00000
0.00007 0.00014 0.00000 0.00034
0.00297 0.00375 -0.00060 0.00764
-0.00007 0.00014 -0.00034 0.00000
0.00071 0.00142 0.00000 0.00355
-0.00323 0.00166 -0.00499 -0.00055
0.00266 0.00279 0.00039 0.00810
0.01259 0.00435 0.00897 0.02094
0.00992 0.01297 -0.01119 0.02065
0.01050 0.00336 0.00575 0.01446
