# avg	std	min	max
0.05649 0.01688 0.02683 0.07277
-0.05002 0.00257 -0.05287 -0.04692
0.00004 0.00012 -0.00013 0.00025
-0.64793 0.02148 -0.65888 -0.60496
-0.31076 0.06282 -0.38836 -0.25659
-0.52663 0.13831 -0.67382 -0.27841
-0.11787 0.02517 -0.14828 -0.07151
-1.23195 0.37773 -1.44533 -0.47911
-0.43135 0.00154 -0.43349 -0.42923
0.05159 0.00475 0.04781 0.05950
-0.00905 0.01744 -0.03758 0.00934
-0.09061 0.00079 -0.09167 -0.08964
-0.10236 0.01879 -0.12961 -0.07990
-0.02367 0.00605 -0.03049 -0.01531
-0.09079 0.02127 -0.10911 -0.06372
0.32784 0.06845 0.25927 0.45095
0.32023 0.04888 0.25087 0.37153
-0.30569 0.09963 -0.39680 -0.16395
-0.26214 0.01507 -0.28679 -0.24111
-0.05479 0.00694 -0.06038 -0.04132
