# avg	std	min	max
0.00000 0.00000 0.00000 0.00000
0.00000 0.00000 0.00000 0.00000
0.00000 0.00000 0.00000 0.00000
-0.03623 0.00586 -0.04353 -0.02812
0.00000 0.00000 0.00000 0.00000
0.00000 0.00000 0.00000 0.00000
-0.01605 0.13717 -0.21784 0.21130
-0.00545 0.01357 -0.03231 0.00506
-0.01910 0.01026 -0.02676 0.00000
0.00000 0.00000 0.00000 0.00000
0.00000 0.00000 0.00000 0.00000
0.00000 0.00000 0.00000 0.00000
0.05886 0.05281 -0.00861 0.11363
0.00000 0.00000 0.00000 0.00000
-0.01069 0.00545 -0.02091 -0.00525
0.01035 0.00002 0.01033 0.01037
0.01948 0.03896 0.00000 0.09739
0.00000 0.00000 0.00000 0.00000
0.00002 0.00003 0.00000 0.00008
-0.00588 0.01116 -0.02817 0.00000
