# avg	std	min	max
-0.03367 0.00000 -0.03367 -0.03367
-0.02626 0.01971 -0.04551 0.01097
-0.00004 0.00003 -0.00009 0.00000
-0.04645 0.00004 -0.04650 -0.04641
0.02637 0.00896 0.01000 0.03598
-0.04341 0.00153 -0.04632 -0.04184
-0.02788 0.01947 -0.03918 0.01098
-0.03541 0.00222 -0.03947 -0.03341
-0.03046 0.00010 -0.03058 -0.03032
-0.03817 0.00001 -0.03818 -0.03816
-0.04406 0.03180 -0.08862 -0.00298
-0.00936 0.00036 -0.00967 -0.00865
-0.03625 0.00488 -0.04062 -0.02670
-0.04614 0.00033 -0.04656 -0.04587
-0.04548 0.00058 -0.04625 -0.04480
0.10251 0.01236 0.07803 0.11085
0.08327 0.01387 0.05841 0.09903
-0.06644 0.00864 -0.08368 -0.06124
-0.11135 0.00591 -0.11845 -0.10339
-0.06818 0.03438 -0.10565 -0.02841
