# avg	std	min	max
-0.00006 0.00043 -0.00091 0.00021
-0.00069 0.00046 -0.00104 0.00022
-0.00044 0.00054 -0.00095 0.00022
0.00000 0.00000 0.00000 0.00000
0.00000 0.00000 0.00000 0.00000
0.00000 0.00000 0.00000 0.00000
0.00020 0.00040 0.00000 0.00100
0.00029 0.00049 -0.00004 0.00124
-0.00155 0.00190 -0.00394 0.00000
-0.00018 0.00039 -0.00067 0.00021
0.00004 0.00008 0.00000 0.00020
0.00000 0.00000 0.00000 0.00000
0.00000 0.00000 0.00000 0.00000
-0.00286 0.00239 -0.00593 0.00021
-0.00017 0.00035 -0.00087 0.00000
-0.00343 0.00282 -0.00595 0.00024
0.00000 0.00000 0.00000 0.00000
0.00122 0.00244 0.00000 0.00609
0.00013 0.00011 0.00000 0.00025
-0.00025 0.00050 -0.00124 0.00000
