# avg	std	min	max
0.00090 0.00000 0.00090 0.00090
0.00000 0.00000 0.00000 0.00000
-0.04226 0.00000 -0.04226 -0.04226
-0.14502 0.00000 -0.14502 -0.14502
-0.04606 0.00000 -0.04606 -0.04606
-0.00642 0.00000 -0.00642 -0.00642
-0.07010 0.00000 -0.07010 -0.07010
-0.04324 0.00000 -0.04324 -0.04324
-0.00050 0.00000 -0.00050 -0.00050
-0.00030 0.00000 -0.00030 -0.00030
0.00510 0.00000 0.00510 0.00510
-0.00030 0.00000 -0.00030 -0.00030
-0.78308 0.00000 -0.78308 -0.78308
-0.00030 0.00000 -0.00030 -0.00030
0.02674 0.00000 0.02674 0.02674
0.01906 0.00000 0.01906 0.01906
0.02508 0.00000 0.02508 0.02508
-0.01434 0.00000 -0.01434 -0.01434
-0.06898 0.00000 -0.06898 -0.06898
-0.10396 0.00000 -0.10396 -0.10396
