# avg	std	min	max
-0.03454 0.00000 -0.03454 -0.03454
-0.03748 0.00000 -0.03748 -0.03748
-0.06806 0.00000 -0.06806 -0.06806
-0.09284 0.00000 -0.09284 -0.09284
-0.11058 0.00000 -0.11058 -0.11058
-0.03552 0.00000 -0.03552 -0.03552
-0.01786 0.00000 -0.01786 -0.01786
-0.01792 0.00000 -0.01792 -0.01792
-0.02012 0.00000 -0.02012 -0.02012
-0.02824 0.00000 -0.02824 -0.02824
-0.02836 0.00000 -0.02836 -0.02836
-0.11398 0.00000 -0.11398 -0.11398
-0.01764 0.00000 -0.01764 -0.01764
-0.03888 0.00000 -0.03888 -0.03888
-0.04070 0.00000 -0.04070 -0.04070
0.00016 0.00000 0.00016 0.00016
-0.00008 0.00000 -0.00008 -0.00008
-0.09394 0.00000 -0.09394 -0.09394
-0.05062 0.00000 -0.05062 -0.05062
-0.01694 0.00000 -0.01694 -0.01694
