# avg	std	min	max
-0.01422 0.00000 -0.01422 -0.01422
-0.05376 0.00000 -0.05376 -0.05376
-0.04210 0.00000 -0.04210 -0.04210
-0.04076 0.00000 -0.04076 -0.04076
-0.02424 0.00000 -0.02424 -0.02424
-0.01938 0.00000 -0.01938 -0.01938
-0.02540 0.00000 -0.02540 -0.02540
-0.04720 0.00000 -0.04720 -0.04720
-0.02990 0.00000 -0.02990 -0.02990
-0.14210 0.00000 -0.14210 -0.14210
-0.03998 0.00000 -0.03998 -0.03998
-0.05130 0.00000 -0.05130 -0.05130
-0.03258 0.00000 -0.03258 -0.03258
-0.03786 0.00000 -0.03786 -0.03786
-0.02796 0.00000 -0.02796 -0.02796
0.03958 0.00000 0.03958 0.03958
-0.00480 0.00000 -0.00480 -0.00480
-0.09068 0.00000 -0.09068 -0.09068
-0.11832 0.00000 -0.11832 -0.11832
-0.02770 0.00000 -0.02770 -0.02770
