# avg	std	min	max
0.16318 0.00000 0.16318 0.16318
0.16518 0.00000 0.16518 0.16518
0.14038 0.00000 0.14038 0.14038
0.12720 0.00000 0.12720 0.12720
0.12846 0.00000 0.12846 0.12846
0.04978 0.00000 0.04978 0.04978
0.00980 0.00000 0.00980 0.00980
-0.09238 0.00000 -0.09238 -0.09238
0.15246 0.00000 0.15246 0.15246
0.16628 0.00000 0.16628 0.16628
0.14150 0.00000 0.14150 0.14150
0.14850 0.00000 0.14850 0.14850
-0.03534 0.00000 -0.03534 -0.03534
0.12490 0.00000 0.12490 0.12490
0.09896 0.00000 0.09896 0.09896
0.28354 0.00000 0.28354 0.28354
0.25866 0.00000 0.25866 0.25866
-0.19932 0.00000 -0.19932 -0.19932
-0.33760 0.00000 -0.33760 -0.33760
0.04004 0.00000 0.04004 0.04004
