# avg	std	min	max
3.28300 0.00000 3.28300 3.28300
3.49522 0.00000 3.49522 3.49522
2.30434 0.00000 2.30434 2.30434
1.71856 0.00000 1.71856 1.71856
2.88618 0.00000 2.88618 2.88618
0.74774 0.00000 0.74774 0.74774
-0.02100 0.00000 -0.02100 -0.02100
2.21052 0.00000 2.21052 2.21052
3.79258 0.00000 3.79258 3.79258
3.33998 0.00000 3.33998 3.33998
2.78130 0.00000 2.78130 2.78130
2.63382 0.00000 2.63382 2.63382
1.84316 0.00000 1.84316 1.84316
3.23576 0.00000 3.23576 3.23576
3.30634 0.00000 3.30634 3.30634
3.64086 0.00000 3.64086 3.64086
3.41508 0.00000 3.41508 3.41508
0.68278 0.00000 0.68278 0.68278
1.68348 0.00000 1.68348 1.68348
2.09522 0.00000 2.09522 2.09522
