# avg	std	min	max
0.00000 0.00000 0.00000 0.00000
0.03100 0.00000 0.03100 0.03100
0.05296 0.00000 0.05296 0.05296
0.04414 0.00000 0.04414 0.04414
0.05384 0.00000 0.05384 0.05384
-0.13658 0.00000 -0.13658 -0.13658
0.05322 0.00000 0.05322 0.05322
-0.15540 0.00000 -0.15540 -0.15540
0.30398 0.00000 0.30398 0.30398
0.02530 0.00000 0.02530 0.02530
0.04654 0.00000 0.04654 0.04654
0.03590 0.00000 0.03590 0.03590
-0.04442 0.00000 -0.04442 -0.04442
0.03164 0.00000 0.03164 0.03164
0.03830 0.00000 0.03830 0.03830
0.06996 0.00000 0.06996 0.06996
0.04458 0.00000 0.04458 0.04458
-0.00902 0.00000 -0.00902 -0.00902
-0.98366 0.00000 -0.98366 -0.98366
0.06876 0.00000 0.06876 0.06876
