# avg	std	min	max
-0.06550 0.00000 -0.06550 -0.06550
-0.04772 0.00000 -0.04772 -0.04772
-0.05328 0.00000 -0.05328 -0.05328
0.10790 0.00000 0.10790 0.10790
0.00076 0.00000 0.00076 0.00076
0.06552 0.00000 0.06552 0.06552
-0.08230 0.00000 -0.08230 -0.08230
-0.28688 0.00000 -0.28688 -0.28688
-0.07614 0.00000 -0.07614 -0.07614
-0.07296 0.00000 -0.07296 -0.07296
-0.03916 0.00000 -0.03916 -0.03916
-0.07380 0.00000 -0.07380 -0.07380
-0.22014 0.00000 -0.22014 -0.22014
-0.07450 0.00000 -0.07450 -0.07450
-0.28866 0.00000 -0.28866 -0.28866
-0.07308 0.00000 -0.07308 -0.07308
-0.12970 0.00000 -0.12970 -0.12970
-0.17216 0.00000 -0.17216 -0.17216
-0.26990 0.00000 -0.26990 -0.26990
-0.16830 0.00000 -0.16830 -0.16830
