# avg	std	min	max
0.00932 0.00000 0.00932 0.00932
-0.00266 0.00000 -0.00266 -0.00266
-0.00004 0.00000 -0.00004 -0.00004
0.00000 0.00000 0.00000 0.00000
0.00000 0.00000 0.00000 0.00000
0.03078 0.00000 0.03078 0.03078
0.05900 0.00000 0.05900 0.05900
0.18394 0.00000 0.18394 0.18394
0.00398 0.00000 0.00398 0.00398
0.00012 0.00000 0.00012 0.00012
-0.00082 0.00000 -0.00082 -0.00082
0.00004 0.00000 0.00004 0.00004
0.16770 0.00000 0.16770 0.16770
-0.00242 0.00000 -0.00242 -0.00242
0.00536 0.00000 0.00536 0.00536
0.00578 0.00000 0.00578 0.00578
0.02136 0.00000 0.02136 0.02136
0.07164 0.00000 0.07164 0.07164
0.03524 0.00000 0.03524 0.03524
0.01902 0.00000 0.01902 0.01902
