# avg	std	min	max
0.00000 0.00000 0.00000 0.00000
0.00000 0.00000 0.00000 0.00000
0.01722 0.00000 0.01722 0.01722
0.04560 0.00000 0.04560 0.04560
0.02382 0.00000 0.02382 0.02382
0.02060 0.00000 0.02060 0.02060
0.00000 0.00000 0.00000 0.00000
0.10494 0.00000 0.10494 0.10494
0.02650 0.00000 0.02650 0.02650
0.00000 0.00000 0.00000 0.00000
-0.07582 0.00000 -0.07582 -0.07582
0.01662 0.00000 0.01662 0.01662
0.00000 0.00000 0.00000 0.00000
0.00000 0.00000 0.00000 0.00000
0.05012 0.00000 0.05012 0.05012
0.30620 0.00000 0.30620 0.30620
0.36932 0.00000 0.36932 0.36932
0.12440 0.00000 0.12440 0.12440
-0.18076 0.00000 -0.18076 -0.18076
-0.03798 0.00000 -0.03798 -0.03798
