# avg	std	min	max
0.00000 0.00000 0.00000 0.00000
0.00000 0.00000 0.00000 0.00000
0.00000 0.00000 0.00000 0.00000
0.00000 0.00000 0.00000 0.00000
0.00000 0.00000 0.00000 0.00000
0.00098 0.00000 0.00098 0.00098
-0.01326 0.00000 -0.01326 -0.01326
-0.01752 0.00000 -0.01752 -0.01752
-0.00006 0.00000 -0.00006 -0.00006
0.00000 0.00000 0.00000 0.00000
0.00000 0.00000 0.00000 0.00000
0.00000 0.00000 0.00000 0.00000
-0.00826 0.00000 -0.00826 -0.00826
-0.00328 0.00000 -0.00328 -0.00328
0.00000 0.00000 0.00000 0.00000
0.01582 0.00000 0.01582 0.01582
0.01786 0.00000 0.01786 0.01786
0.00072 0.00000 0.00072 0.00072
-0.00068 0.00000 -0.00068 -0.00068
-0.00890 0.00000 -0.00890 -0.00890
