# avg	std	min	max
0.26342 0.00000 0.26342 0.26342
0.23026 0.00000 0.23026 0.23026
0.17296 0.00000 0.17296 0.17296
0.13068 0.00000 0.13068 0.13068
0.18944 0.00000 0.18944 0.18944
-0.09372 0.00000 -0.09372 -0.09372
0.02388 0.00000 0.02388 0.02388
-0.09884 0.00000 -0.09884 -0.09884
0.27580 0.00000 0.27580 0.27580
0.21832 0.00000 0.21832 0.21832
0.25572 0.00000 0.25572 0.25572
0.21368 0.00000 0.21368 0.21368
0.00190 0.00000 0.00190 0.00190
0.12528 0.00000 0.12528 0.12528
0.11344 0.00000 0.11344 0.11344
0.22842 0.00000 0.22842 0.22842
0.03566 0.00000 0.03566 0.03566
0.02746 0.00000 0.02746 0.02746
-0.25752 0.00000 -0.25752 -0.25752
0.01962 0.00000 0.01962 0.01962
