# avg	std	min	max
0.00000 0.00000 0.00000 0.00000
0.00000 0.00000 0.00000 0.00000
-0.00937 0.00571 -0.01342 0.00198
0.00566 0.00463 0.00000 0.00979
-0.00048 0.00922 -0.01226 0.00747
0.00000 0.00000 0.00000 0.00000
0.00000 0.00000 0.00000 0.00000
0.00000 0.00000 0.00000 0.00000
0.00000 0.00000 0.00000 0.00000
0.00000 0.00000 0.00000 0.00000
0.00000 0.00000 0.00000 0.00000
0.00000 0.00000 0.00000 0.00000
0.00000 0.00000 0.00000 0.00000
0.02409 0.00047 0.02362 0.02484
0.00000 0.00000 0.00000 0.00000
0.00714 0.01740 -0.01418 0.02142
0.00779 0.02040 -0.00810 0.04148
0.00322 0.00065 0.00278 0.00451
0.00806 0.00069 0.00741 0.00934
0.00000 0.00000 0.00000 0.00000
