# avg	std	min	max
0.00258 0.00036 0.00188 0.00286
0.00271 0.00009 0.00262 0.00284
0.00321 0.00004 0.00313 0.00326
0.00328 0.00001 0.00327 0.00329
0.00324 0.00002 0.00322 0.00329
0.00297 0.00018 0.00280 0.00318
0.00314 0.00043 0.00254 0.00384
0.00344 0.00046 0.00318 0.00435
0.00291 0.00026 0.00254 0.00324
0.00326 0.00037 0.00278 0.00364
0.00320 0.00004 0.00316 0.00324
0.00295 0.00014 0.00279 0.00312
0.00253 0.00115 0.00026 0.00326
0.00307 0.00023 0.00279 0.00327
0.00389 0.00055 0.00321 0.00447
0.00100 0.00001 0.00099 0.00101
0.00000 0.00001 -0.00001 0.00001
0.00390 0.00055 0.00321 0.00440
0.00367 0.00053 0.00320 0.00432
0.00344 0.00041 0.00314 0.00424
