# avg	std	min	max
0.00687 0.00005 0.00681 0.00695
0.00683 0.00006 0.00678 0.00694
0.00661 0.00053 0.00555 0.00695
0.00617 0.00065 0.00541 0.00690
0.00673 0.00028 0.00618 0.00694
0.00692 0.00010 0.00683 0.00710
0.00671 0.00026 0.00618 0.00690
0.00630 0.00069 0.00534 0.00693
0.00673 0.00014 0.00651 0.00692
0.00666 0.00050 0.00569 0.00710
0.00657 0.00061 0.00535 0.00695
0.00656 0.00060 0.00537 0.00690
0.00632 0.00073 0.00540 0.00696
0.00674 0.00029 0.00618 0.00695
0.00640 0.00064 0.00563 0.00714
-0.00010 0.00109 -0.00135 0.00173
0.00000 0.00000 0.00000 0.00000
0.00890 0.00077 0.00780 0.00965
0.01176 0.00060 0.01101 0.01229
0.00660 0.00050 0.00560 0.00687
