# avg	std	min	max
0.00000 0.00000 0.00000 0.00000
0.00000 0.00000 0.00000 0.00000
0.00000 0.00000 0.00000 0.00000
0.00073 0.00042 0.00000 0.00109
-0.00034 0.00068 -0.00169 0.00000
0.00000 0.00000 0.00000 0.00000
0.00000 0.00000 0.00000 0.00000
0.00133 0.00083 0.00000 0.00222
0.00000 0.00000 0.00000 0.00000
0.00000 0.00000 0.00000 0.00000
0.00000 0.00000 0.00000 0.00000
0.00020 0.00040 0.00000 0.00100
0.00000 0.00000 0.00000 0.00000
-0.00030 0.00036 -0.00077 0.00000
-0.00061 0.00031 -0.00083 0.00000
-0.00643 0.00176 -0.00987 -0.00516
-0.00717 0.00034 -0.00752 -0.00655
0.00425 0.00039 0.00383 0.00481
0.00596 0.00213 0.00298 0.00880
-0.00014 0.00028 -0.00071 0.00000
