# avg	std	min	max
0.00000 0.00000 0.00000 0.00000
-0.01326 0.03544 -0.06058 0.03718
0.00924 0.02102 -0.00426 0.05117
0.00744 0.01487 0.00000 0.03718
-0.00744 0.01487 -0.03718 0.00000
0.00363 0.01340 -0.01022 0.02910
-0.06888 0.15491 -0.37723 0.03718
0.04288 0.02751 0.00000 0.07957
-0.39892 0.09040 -0.48476 -0.22935
0.00575 0.02571 -0.02473 0.05346
-0.07767 0.16936 -0.41483 0.03718
0.01274 0.01596 0.00000 0.03718
0.01716 0.01687 0.00000 0.03718
0.00119 0.00238 0.00000 0.00595
0.01988 0.01683 0.00000 0.03718
-0.08168 0.17040 -0.42025 0.03671
0.01160 0.01570 -0.00133 0.03587
0.00841 0.01441 0.00000 0.03718
-0.07940 0.16371 -0.40681 0.00423
0.00000 0.00000 0.00000 0.00000
