# avg	std	min	max
0.00000 0.00000 0.00000 0.00000
0.00000 0.00000 0.00000 0.00000
0.00182 0.00140 -0.00048 0.00394
0.00000 0.00000 0.00000 0.00000
0.00305 0.00217 0.00000 0.00498
0.00000 0.00000 0.00000 0.00000
0.00000 0.00000 0.00000 0.00000
0.00000 0.00000 0.00000 0.00000
0.00000 0.00000 0.00000 0.00000
0.00002 0.00004 0.00000 0.00010
0.00166 0.00203 0.00000 0.00418
0.00000 0.00000 0.00000 0.00000
0.00000 0.00000 0.00000 0.00000
0.00000 0.00000 0.00000 0.00000
-0.00001 0.00003 -0.00007 0.00000
-0.00461 0.00031 -0.00477 -0.00399
-0.00459 0.00042 -0.00500 -0.00382
0.00198 0.00072 0.00053 0.00236
0.00509 0.00103 0.00315 0.00623
0.00000 0.00000 0.00000 0.00000
