# avg	std	min	max
-0.07169 0.14185 -0.35538 0.00000
-0.00465 0.00930 -0.02324 0.00000
0.00000 0.00000 0.00000 0.00000
-0.00467 0.00935 -0.02336 0.00000
0.00000 0.00000 0.00000 0.00000
0.00000 0.00000 0.00000 0.00000
-0.00085 0.00170 -0.00425 0.00000
0.00000 0.00000 0.00000 0.00000
-0.37314 0.02196 -0.39678 -0.34440
-0.00135 0.00270 -0.00674 0.00000
0.00000 0.00000 0.00000 0.00000
0.00000 0.00000 0.00000 0.00000
0.00000 0.00000 0.00000 0.00000
0.00000 0.00000 0.00000 0.00000
0.00000 0.00000 0.00000 0.00000
-0.00050 0.00000 -0.00050 -0.00049
-0.00062 0.00019 -0.00099 -0.00051
0.00000 0.00000 0.00000 0.00000
-0.00001 0.00002 -0.00005 0.00000
-0.00114 0.00228 -0.00570 0.00000
