# avg	std	min	max
-0.01064 0.02514 -0.05006 0.02908
-0.00255 0.00246 -0.00556 0.00000
0.02252 0.06524 -0.03718 0.14978
-0.00118 0.00236 -0.00591 0.00000
0.00744 0.01487 0.00000 0.03718
0.00099 0.02198 -0.03221 0.03718
0.00744 0.01487 0.00000 0.03718
0.00000 0.00000 0.00000 0.00000
-0.00537 0.00319 -0.01004 0.00000
-0.07802 0.15418 -0.38637 0.00000
-0.00125 0.00249 -0.00624 0.00000
-0.01006 0.01575 -0.04131 0.00000
0.00076 0.00152 0.00000 0.00379
0.00000 0.00000 0.00000 0.00000
0.00000 0.00000 0.00000 0.00000
-0.08757 0.15721 -0.40068 0.00000
-0.07513 0.14927 -0.37368 -0.00049
0.00000 0.00000 0.00000 0.00000
0.00000 0.00000 0.00000 0.00000
0.00000 0.00000 0.00000 0.00000
