# avg	std	min	max
-0.00268 0.00043 -0.00306 -0.00196
-0.00275 0.00037 -0.00309 -0.00222
-0.00297 0.00015 -0.00318 -0.00271
-0.00263 0.00046 -0.00301 -0.00193
-0.00259 0.00035 -0.00301 -0.00220
-0.00300 0.00001 -0.00302 -0.00298
-0.00312 0.00127 -0.00555 -0.00207
-0.00169 0.00181 -0.00293 0.00189
-0.00268 0.00039 -0.00302 -0.00218
-0.00290 0.00029 -0.00310 -0.00234
-0.00301 0.00072 -0.00434 -0.00216
-0.00267 0.00033 -0.00296 -0.00222
-0.00225 0.00141 -0.00401 0.00006
-0.00250 0.00056 -0.00293 -0.00153
-0.00286 0.00015 -0.00300 -0.00257
-0.00452 0.00002 -0.00454 -0.00450
-0.00608 0.00022 -0.00621 -0.00565
0.00000 0.00000 0.00000 0.00000
0.00098 0.00037 0.00049 0.00131
-0.00238 0.00059 -0.00302 -0.00136
