# avg	std	min	max
0.00000 0.00000 0.00000 0.00000
0.00000 0.00000 0.00000 0.00000
0.00000 0.00000 0.00000 0.00000
0.00000 0.00000 0.00000 0.00000
0.00000 0.00000 0.00000 0.00000
0.00000 0.00000 0.00000 0.00000
0.00044 0.00054 0.00000 0.00116
0.00057 0.00053 0.00000 0.00127
0.00000 0.00000 0.00000 0.00000
-0.00000 0.00001 -0.00002 0.00000
0.00000 0.00000 0.00000 0.00000
-0.00000 0.00001 -0.00002 0.00000
0.00089 0.00044 0.00000 0.00117
0.00000 0.00000 0.00000 0.00000
0.00000 0.00000 0.00000 0.00000
0.00000 0.00000 0.00000 0.00000
0.00001 0.00001 0.00000 0.00003
0.00000 0.00000 0.00000 0.00000
0.00023 0.00045 0.00000 0.00113
0.00000 0.00000 0.00000 0.00000
