# avg	std	min	max
-0.00019 0.00048 -0.00114 0.00023
-0.00022 0.00047 -0.00116 0.00005
0.00000 0.00000 0.00000 0.00000
0.00000 0.00000 0.00000 0.00000
0.00000 0.00000 0.00000 0.00000
0.00000 0.00000 0.00000 0.00000
-0.00115 0.00001 -0.00116 -0.00112
-0.00069 0.00055 -0.00118 0.00000
-0.00077 0.00066 -0.00157 0.00003
0.00041 0.00021 0.00000 0.00060
-0.00114 0.00003 -0.00116 -0.00109
0.00000 0.00000 0.00000 0.00000
-0.00115 0.00001 -0.00116 -0.00113
0.00003 0.00006 0.00000 0.00015
0.00000 0.00000 0.00000 0.00000
-0.00428 0.00018 -0.00462 -0.00409
-0.00630 0.00071 -0.00700 -0.00521
0.00514 0.00038 0.00482 0.00587
0.01425 0.00084 0.01264 0.01506
-0.00125 0.00018 -0.00162 -0.00116
