# avg	std	min	max
0.00059 0.00182 -0.00295 0.00177
0.00018 0.00023 0.00006 0.00064
-0.00266 0.00209 -0.00681 -0.00132
-0.00674 0.00115 -0.00741 -0.00445
-0.00496 0.00002 -0.00499 -0.00494
-0.00576 0.00117 -0.00716 -0.00434
-0.00567 0.00130 -0.00729 -0.00390
-0.00674 0.00097 -0.00728 -0.00481
-0.09006 0.01487 -0.09795 -0.06034
0.00079 0.00033 0.00034 0.00109
-0.00398 0.00179 -0.00594 -0.00059
-0.00396 0.00040 -0.00451 -0.00363
-0.00633 0.00145 -0.00802 -0.00423
-0.00365 0.00030 -0.00424 -0.00347
-0.00519 0.00094 -0.00642 -0.00436
-0.00780 0.00042 -0.00840 -0.00710
-0.00663 0.00092 -0.00797 -0.00589
-0.00088 0.00220 -0.00277 0.00320
0.00002 0.00004 0.00000 0.00010
-0.00560 0.00118 -0.00706 -0.00459
