# avg	std	min	max
0.00000 0.00000 0.00000 0.00000
0.00000 0.00000 0.00000 0.00000
0.00000 0.00000 0.00000 0.00000
-0.00021 0.00042 -0.00105 0.00000
-0.00088 0.00188 -0.00309 0.00170
0.00183 0.00149 0.00000 0.00308
0.00000 0.00000 0.00000 0.00000
0.00021 0.00043 0.00000 0.00107
0.00000 0.00000 0.00000 0.00000
0.00000 0.00000 0.00000 0.00000
0.00000 0.00000 0.00000 0.00000
0.00000 0.00000 0.00000 0.00000
0.00000 0.00000 0.00000 0.00000
0.00000 0.00000 0.00000 0.00000
-0.00061 0.00121 -0.00304 0.00000
-0.00060 0.00121 -0.00302 0.00000
-0.00061 0.00122 -0.00304 0.00000
0.00000 0.00000 0.00000 0.00000
0.00000 0.00000 0.00000 0.00000
0.00061 0.00123 0.00000 0.00307
