# avg	std	min	max
0.00000 0.00000 0.00000 0.00000
0.00043 0.00052 0.00000 0.00107
0.00000 0.00000 0.00000 0.00000
0.00021 0.00043 0.00000 0.00107
0.00022 0.00043 0.00000 0.00107
0.00000 0.00000 0.00000 0.00001
-0.00000 0.00001 -0.00002 0.00000
0.00003 0.00002 0.00000 0.00008
0.00000 0.00000 0.00000 0.00000
0.00000 0.00000 0.00000 0.00000
-0.00046 0.00057 -0.00117 0.00000
-0.00110 0.00003 -0.00115 -0.00109
0.00000 0.00000 0.00000 0.00000
0.00022 0.00043 0.00000 0.00107
-0.00020 0.00041 -0.00101 0.00001
0.00000 0.00000 0.00000 0.00000
-0.00016 0.00034 -0.00084 0.00003
0.00033 0.00066 0.00000 0.00165
0.00000 0.00000 0.00000 0.00001
0.00000 0.00000 0.00000 0.00000
