# avg	std	min	max
-0.00771 0.00000 -0.00771 -0.00771
0.01413 0.00000 0.01413 0.01413
0.02739 0.00000 0.02739 0.02739
-0.01602 0.10702 -0.22803 0.06540
0.03849 0.01330 0.02740 0.05497
-0.08522 0.07543 -0.15958 0.04920
-0.39908 0.34204 -0.83639 -0.06304
-0.41005 0.59792 -1.16601 0.10740
0.02068 0.00003 0.02062 0.02072
-0.00000 0.00000 -0.00000 0.00000
0.02792 0.00002 0.02788 0.02794
0.02742 0.00000 0.02741 0.02742
0.04302 0.08623 -0.08177 0.16221
-0.00133 0.00005 -0.00142 -0.00126
0.02177 0.03863 -0.02581 0.08982
-0.00803 0.00000 -0.00803 -0.00802
-0.02351 0.07135 -0.16618 0.01437
0.28391 0.25957 -0.04540 0.61808
0.04880 0.13872 -0.14693 0.28124
0.09541 0.03776 0.05922 0.15902
