# avg	std	min	max
0.00000 0.00000 0.00000 0.00000
0.00000 0.00000 0.00000 0.00000
0.00000 0.00000 0.00000 0.00000
0.00000 0.00000 0.00000 0.00000
0.00000 0.00000 0.00000 0.00000
0.00000 0.00000 0.00000 0.00000
0.00000 0.00000 0.00000 0.00000
-0.00336 0.00671 -0.01678 0.00000
-0.03104 0.07743 -0.13441 0.10576
0.00000 0.00000 0.00000 0.00000
0.00000 0.00000 0.00000 0.00000
0.00000 0.00000 0.00000 0.00000
0.00000 0.00000 0.00000 0.00000
0.00000 0.00000 0.00000 0.00000
0.00000 0.00000 0.00000 0.00000
-0.00455 0.00002 -0.00456 -0.00452
-0.00395 0.00014 -0.00414 -0.00379
0.00116 0.00016 0.00107 0.00149
0.00322 0.00069 0.00237 0.00385
0.00000 0.00000 0.00000 0.00000
