# avg	std	min	max
0.00000 0.00000 0.00000 0.00000
-0.00000 0.00000 -0.00000 0.00000
0.00000 0.00001 0.00000 0.00001
-0.00000 0.00000 -0.00001 0.00000
0.00000 0.00000 0.00000 0.00001
-0.00015 0.00030 -0.00076 0.00000
0.00000 0.00000 0.00000 0.00000
0.00000 0.00000 0.00000 0.00000
-0.00000 0.00000 -0.00001 0.00000
0.00000 0.00000 0.00000 0.00001
0.00000 0.00000 0.00000 0.00000
-0.00003 0.00006 -0.00015 0.00000
0.00000 0.00000 0.00000 0.00000
0.00014 0.00056 -0.00078 0.00079
-0.00015 0.00031 -0.00077 0.00000
-0.00501 0.00040 -0.00581 -0.00480
-0.00493 0.00032 -0.00553 -0.00470
0.00058 0.00001 0.00057 0.00058
0.00336 0.00070 0.00255 0.00436
-0.00000 0.00000 -0.00000 0.00000
