# avg	std	min	max
0.08347 0.00036 0.08304 0.08412
0.06918 0.00017 0.06891 0.06943
0.01016 0.00042 0.00957 0.01080
-0.01290 0.01228 -0.03159 0.00558
-0.04880 0.00036 -0.04938 -0.04843
-0.17542 0.07731 -0.21708 -0.02088
-0.08044 0.04546 -0.16675 -0.04526
-0.36453 0.27313 -0.69870 0.00965
0.05764 0.00614 0.04537 0.06122
0.00354 0.00032 0.00328 0.00409
-0.01119 0.00207 -0.01383 -0.00916
-0.00034 0.00019 -0.00060 0.00000
-0.00847 0.09608 -0.15354 0.10985
-0.02226 0.00653 -0.03031 -0.01676
-0.04776 0.02556 -0.08174 -0.02660
-0.07382 0.00283 -0.07732 -0.07079
-0.04694 0.04510 -0.10838 -0.00616
0.16409 0.13110 0.00088 0.39556
0.28185 0.17486 0.02509 0.44146
0.00463 0.02269 -0.02746 0.03632
