# avg	std	min	max
1.48368 0.02911 1.43186 1.51600
1.52288 0.07322 1.41791 1.61948
1.62094 0.52026 0.77895 2.17052
0.60002 0.25562 0.35746 1.09195
1.29728 0.61840 0.10451 1.72032
-0.07637 0.32483 -0.51867 0.28667
0.56097 0.86205 -0.34447 1.97244
2.71338 0.14447 2.48871 2.87697
1.58196 0.15303 1.33515 1.78636
1.37453 0.17714 1.13190 1.54631
1.39484 0.10701 1.24051 1.53179
1.45712 0.22419 1.21279 1.84908
3.90483 1.58486 1.35615 5.67577
1.21883 0.46886 0.63973 1.91360
0.45795 0.45889 -0.36404 0.93082
-0.00056 0.00100 -0.00255 0.00000
-0.61799 0.14619 -0.76805 -0.39594
2.20213 0.22096 2.00947 2.58021
1.97594 0.70077 0.84147 2.90952
0.00202 0.25973 -0.25114 0.38128
