# avg	std	min	max
0.05884 0.00499 0.05233 0.06630
0.04068 0.00596 0.03146 0.04894
0.05193 0.01706 0.03146 0.07381
0.03146 0.00000 0.03146 0.03146
0.03706 0.00645 0.03146 0.04524
0.03146 0.00000 0.03146 0.03146
0.03839 0.00919 0.03146 0.05522
0.00854 0.02807 -0.02646 0.03146
0.03171 0.00056 0.03058 0.03199
0.04250 0.01372 0.03100 0.06015
0.04519 0.01182 0.03151 0.06457
0.05303 0.01339 0.03146 0.07248
0.04716 0.01454 0.03146 0.06925
0.05901 0.00961 0.04494 0.06972
0.03147 0.00002 0.03146 0.03152
0.02267 0.00620 0.01718 0.03338
0.00000 0.00000 0.00000 0.00000
0.03855 0.01093 0.02326 0.04983
0.03586 0.00970 0.02215 0.04597
0.02663 0.03039 -0.03299 0.04930
