# avg	std	min	max
0.00040 0.00002 0.00038 0.00044
0.01505 0.02929 0.00038 0.07363
0.01324 0.02998 -0.00406 0.07308
0.00041 0.00002 0.00040 0.00044
0.00040 0.00002 0.00038 0.00045
0.00040 0.00003 0.00038 0.00045
0.00066 0.00052 0.00039 0.00169
0.00049 0.00021 0.00038 0.00091
0.00039 0.00002 0.00038 0.00042
0.00033 0.00013 0.00007 0.00040
0.00040 0.00000 0.00040 0.00040
0.00040 0.00000 0.00040 0.00040
-0.01183 0.02444 -0.06071 0.00040
0.00039 0.00002 0.00035 0.00041
0.00040 0.00000 0.00039 0.00040
-0.03243 0.00154 -0.03530 -0.03122
-0.00001 0.00001 -0.00003 -0.00001
-0.00065 0.00053 -0.00094 0.00040
-0.00082 0.00000 -0.00082 -0.00081
0.00015 0.00049 -0.00082 0.00040
