# avg	std	min	max
0.00496 0.00333 -0.00143 0.00828
0.00569 0.00038 0.00520 0.00618
0.00564 0.00053 0.00507 0.00653
-0.01742 0.00101 -0.01835 -0.01594
0.00522 0.00033 0.00488 0.00583
-0.01885 0.00131 -0.02142 -0.01776
-0.01327 0.00379 -0.01835 -0.00985
-0.01698 0.00386 -0.02045 -0.00973
0.00567 0.00062 0.00478 0.00662
0.00247 0.00579 -0.00909 0.00572
-0.00209 0.00430 -0.00732 0.00527
-0.00029 0.00354 -0.00419 0.00597
-0.01809 0.00023 -0.01835 -0.01781
-0.01576 0.00264 -0.01750 -0.01053
-0.01814 0.00041 -0.01835 -0.01732
-0.04067 0.00051 -0.04145 -0.03987
-0.03850 0.00468 -0.04151 -0.02918
-0.00049 0.00036 -0.00100 0.00004
0.01013 0.00445 0.00269 0.01469
-0.01552 0.00630 -0.02054 -0.00308
