# avg	std	min	max
0.12738 0.00192 0.12531 0.13039
0.07906 0.00128 0.07750 0.08085
0.04330 0.00160 0.04063 0.04518
0.00061 0.00163 -0.00219 0.00287
0.06220 0.00778 0.04890 0.07306
0.05775 0.01206 0.04139 0.07263
0.28007 0.14294 0.06827 0.39921
0.32902 0.13002 0.06921 0.40353
0.02295 0.00186 0.02065 0.02478
-0.02501 0.03782 -0.07879 0.01860
0.02617 0.00961 0.01458 0.03753
0.06796 0.00396 0.06045 0.07208
0.30110 0.18811 0.07013 0.46609
0.11195 0.05865 0.08100 0.22924
0.12074 0.16487 -0.03040 0.33379
0.08910 0.07138 0.02974 0.17773
0.06552 0.03058 0.01733 0.09204
0.06747 0.00144 0.06545 0.06966
0.08810 0.02198 0.07594 0.13201
0.34563 0.14145 0.06564 0.43894
