# avg	std	min	max
0.00000 0.00000 0.00000 0.00000
0.00000 0.00000 0.00000 0.00000
0.00000 0.00000 0.00000 0.00000
0.00000 0.00000 0.00000 0.00000
0.00000 0.00000 0.00000 0.00000
0.00000 0.00000 0.00000 0.00000
-0.00853 0.00053 -0.00930 -0.00768
0.00787 0.00261 0.00325 0.01021
0.00000 0.00000 0.00000 0.00000
0.00000 0.00000 0.00000 0.00000
0.00000 0.00000 0.00000 0.00000
0.00000 0.00000 0.00000 0.00000
0.00127 0.00681 -0.00453 0.01216
0.00000 0.00000 0.00000 0.00000
0.00020 0.00025 0.00000 0.00051
-0.02614 0.00007 -0.02623 -0.02606
-0.02977 0.00007 -0.02989 -0.02969
0.01655 0.00229 0.01382 0.01952
0.03724 0.00646 0.03064 0.04909
0.00041 0.00020 0.00000 0.00051
