# avg	std	min	max
0.00000 0.00000 0.00000 0.00000
0.00000 0.00000 0.00000 0.00000
0.00000 0.00000 0.00000 0.00000
-0.00273 0.00400 -0.01074 -0.00073
0.00000 0.00000 0.00000 0.00000
0.00000 0.00000 0.00000 0.00000
-0.02400 0.00715 -0.02773 -0.00970
-0.17069 0.01772 -0.18682 -0.13935
0.00206 0.00000 0.00206 0.00206
0.00012 0.00031 -0.00012 0.00074
0.00000 0.00000 0.00000 0.00000
0.00000 0.00000 0.00000 0.00000
0.02535 0.00100 0.02484 0.02735
0.00939 0.01989 -0.00074 0.04916
-0.01087 0.02173 -0.05433 0.00000
-0.01318 0.00654 -0.02125 -0.00781
-0.00571 0.00119 -0.00718 -0.00466
0.00840 0.00045 0.00777 0.00896
0.03896 0.02864 0.00670 0.08491
0.00410 0.00965 -0.00073 0.02340
