# avg	std	min	max
0.00521 0.00024 0.00478 0.00552
0.00664 0.00035 0.00621 0.00695
-0.00032 0.00035 -0.00075 -0.00001
-0.00052 0.00030 -0.00074 0.00000
-0.00021 0.00029 -0.00075 -0.00001
0.00800 0.00285 0.00621 0.01366
-0.00030 0.00036 -0.00074 0.00000
-0.00050 0.00031 -0.00074 0.00000
0.00706 0.00019 0.00688 0.00737
0.00636 0.00030 0.00621 0.00695
-0.00048 0.00022 -0.00075 -0.00028
0.00651 0.00036 0.00621 0.00695
-0.00074 0.00000 -0.00074 -0.00074
0.00012 0.00014 -0.00003 0.00031
0.00443 0.00309 0.00045 0.00695
-0.01414 0.00038 -0.01467 -0.01352
-0.00035 0.00359 -0.00751 0.00195
0.00114 0.00126 0.00010 0.00353
0.00933 0.00299 0.00603 0.01301
-0.00023 0.00028 -0.00075 0.00000
