# avg	std	min	max
0.00045 0.00089 0.00000 0.00223
0.00046 0.00093 0.00000 0.00232
-0.01248 0.00003 -0.01252 -0.01244
-0.06155 0.00314 -0.06783 -0.05983
-0.01267 0.00011 -0.01277 -0.01251
-0.15700 0.00663 -0.16643 -0.14563
-0.18715 0.07979 -0.28587 -0.11830
-0.02769 0.00314 -0.03034 -0.02366
0.00000 0.00000 0.00000 0.00000
-0.00222 0.00693 -0.01250 0.00577
-0.01312 0.00002 -0.01315 -0.01308
0.00000 0.00000 0.00000 0.00000
-0.21386 0.09170 -0.32455 -0.11379
-0.00849 0.00884 -0.02562 0.00000
0.00015 0.00029 0.00000 0.00073
-0.14403 0.00181 -0.14562 -0.14174
-0.13305 0.00417 -0.13846 -0.12932
0.03179 0.00317 0.02733 0.03512
-0.05658 0.14065 -0.23083 0.06100
-0.06314 0.00404 -0.07122 -0.06097
