# avg	std	min	max
-0.01541 0.00021 -0.01554 -0.01499
-0.01554 0.00000 -0.01554 -0.01554
-0.01554 0.00000 -0.01554 -0.01553
-0.01554 0.00000 -0.01554 -0.01554
-0.01554 0.00000 -0.01554 -0.01554
-0.01554 0.00000 -0.01554 -0.01553
-0.01554 0.00000 -0.01554 -0.01554
-0.01554 0.00000 -0.01554 -0.01554
-0.11085 0.00025 -0.11112 -0.11038
-0.01557 0.00006 -0.01568 -0.01554
-0.01546 0.00025 -0.01570 -0.01498
-0.01553 0.00002 -0.01554 -0.01550
-0.01554 0.00000 -0.01554 -0.01554
-0.01554 0.00000 -0.01554 -0.01553
-0.01554 0.00000 -0.01554 -0.01553
-0.03742 0.00017 -0.03758 -0.03721
-0.03820 0.00050 -0.03887 -0.03736
0.00266 0.00486 -0.00128 0.01045
0.00000 0.00000 0.00000 0.00000
-0.01553 0.00002 -0.01554 -0.01549
