# avg	std	min	max
0.85711 0.07934 0.71843 0.96017
0.86480 0.01859 0.83377 0.89139
0.85274 0.08602 0.72766 0.95914
1.06595 0.04989 1.00322 1.15111
0.75953 0.07643 0.62237 0.84252
1.07287 0.03797 1.01591 1.11131
0.98143 0.06240 0.90828 1.06463
0.87067 0.02835 0.83911 0.91820
0.87821 0.05993 0.79282 0.95679
0.87407 0.05074 0.80552 0.95554
0.82295 0.06294 0.74553 0.90040
0.91839 0.04284 0.85811 0.97315
0.22338 0.23860 -0.17934 0.46974
0.99272 0.13786 0.84689 1.18512
1.14610 0.08626 0.99996 1.22840
0.94335 0.03460 0.90096 0.98457
1.09429 0.12289 0.93155 1.23753
0.81898 0.06478 0.70620 0.90564
-0.06717 0.13205 -0.29252 0.09401
1.29429 0.07008 1.18082 1.40129
