# avg	std	min	max
-0.02982 0.00003 -0.02983 -0.02976
-0.03036 0.00000 -0.03036 -0.03036
-0.03034 0.00013 -0.03051 -0.03011
-0.10322 0.00298 -0.10914 -0.10132
-0.03036 0.00000 -0.03036 -0.03036
-0.12037 0.01675 -0.14972 -0.09891
-0.03029 0.00009 -0.03036 -0.03016
-0.06984 0.00588 -0.07620 -0.05868
-0.04554 0.00333 -0.04738 -0.03887
-0.04249 0.00672 -0.04586 -0.02906
-0.04673 0.00001 -0.04674 -0.04670
-0.06108 0.00647 -0.06442 -0.04815
-0.03502 0.00234 -0.03662 -0.03036
-0.03036 0.00000 -0.03036 -0.03036
-0.03038 0.00004 -0.03047 -0.03036
-0.09796 0.00056 -0.09870 -0.09699
-0.11105 0.00117 -0.11253 -0.10963
-0.00654 0.00634 -0.01914 -0.00255
-0.00002 0.00000 -0.00002 -0.00002
-0.00770 0.02776 -0.03036 0.02630
