# avg	std	min	max
0.00166 0.00340 -0.00011 0.00846
0.00177 0.00337 0.00000 0.00850
0.01466 0.02927 -0.04373 0.03113
0.03161 0.00100 0.03009 0.03323
-0.05179 0.07916 -0.18025 0.03196
0.02381 0.00621 0.01139 0.02712
0.01911 0.05487 -0.07625 0.09544
0.00970 0.03439 -0.05871 0.03160
-0.05612 0.01131 -0.06934 -0.03814
0.00000 0.00000 0.00000 0.00000
0.01186 0.01045 0.00000 0.02588
-0.00426 0.00285 -0.00652 0.00126
-0.01085 0.04525 -0.07336 0.02790
0.01230 0.03674 -0.06068 0.03672
-0.03129 0.08553 -0.19277 0.03063
-0.00109 0.00218 -0.00538 0.00076
0.00921 0.00243 0.00455 0.01149
0.04152 0.04846 -0.04212 0.10218
0.00194 0.01561 -0.01280 0.02318
0.00000 0.00000 0.00000 0.00000
