# avg	std	min	max
0.12226 0.00857 0.11205 0.13380
0.01543 0.00549 0.01085 0.02215
-0.55760 0.00482 -0.56252 -0.55164
-0.10988 0.00394 -0.11460 -0.10324
-0.59844 0.01159 -0.61308 -0.57921
-0.62493 0.01745 -0.65584 -0.60475
-1.17341 0.19426 -1.36492 -0.81052
4.15013 0.28180 3.88827 4.67203
0.13266 0.02290 0.10886 0.17293
0.00013 0.00016 -0.00018 0.00029
-0.01311 0.00011 -0.01321 -0.01291
-0.00897 0.00986 -0.01648 0.01056
4.12256 1.18896 2.65089 5.19370
-0.02100 0.00943 -0.03213 -0.00412
-0.41487 0.16992 -0.51207 -0.07536
-0.18614 0.00266 -0.19060 -0.18297
-0.24620 0.19537 -0.63683 -0.14291
-0.17504 0.17105 -0.46815 -0.02127
-0.25020 0.08436 -0.36399 -0.16395
-0.55932 0.02708 -0.59919 -0.51691
