# avg	std	min	max
0.00830 0.00678 -0.00396 0.01637
0.00826 0.00213 0.00602 0.01201
0.00671 0.00149 0.00519 0.00915
-0.00896 0.02867 -0.06446 0.01865
-0.00475 0.02267 -0.04969 0.00855
-0.00800 0.02473 -0.05708 0.00853
-0.00002 0.04226 -0.07087 0.06176
-0.00269 0.03614 -0.04678 0.04642
0.00809 0.00091 0.00637 0.00892
0.00182 0.00364 0.00000 0.00909
0.00000 0.00000 0.00000 0.00000
0.00778 0.00106 0.00644 0.00886
-0.00602 0.03863 -0.04558 0.06150
0.03765 0.03354 0.00708 0.10016
0.00062 0.01962 -0.03744 0.01499
-0.05745 0.00942 -0.07214 -0.04425
-0.01031 0.01839 -0.02426 0.02466
0.00572 0.00230 0.00227 0.00943
-0.00181 0.00156 -0.00439 -0.00006
0.03424 0.02192 0.00000 0.06012
