# avg	std	min	max
-0.00006 0.00013 -0.00032 0.00000
0.00000 0.00000 0.00000 0.00000
0.00000 0.00000 0.00000 0.00000
0.00004 0.00008 0.00000 0.00020
0.00000 0.00000 0.00000 0.00000
0.00000 0.00000 0.00000 0.00000
-0.08904 0.00465 -0.09674 -0.08351
0.02842 0.02087 0.00602 0.06010
0.00000 0.00000 0.00000 0.00000
0.00000 0.00000 0.00000 0.00000
0.00000 0.00000 0.00000 0.00000
0.00000 0.00000 0.00000 0.00000
-0.03162 0.05649 -0.10581 0.05833
0.00617 0.01234 0.00000 0.03084
0.00000 0.00000 0.00000 0.00000
-0.28980 0.00051 -0.29023 -0.28882
-0.28863 0.00698 -0.30240 -0.28318
0.02229 0.00466 0.01495 0.02758
-0.00876 0.01075 -0.01966 0.01150
-0.00415 0.00538 -0.01319 0.00000
