# avg	std	min	max
0.00247 0.00000 0.00247 0.00247
0.00000 0.00000 0.00000 0.00000
-0.00017 0.00000 -0.00017 -0.00017
-0.00046 0.00000 -0.00046 -0.00046
-0.00068 0.00000 -0.00068 -0.00068
-0.00102 0.00000 -0.00102 -0.00102
-0.00079 0.00000 -0.00079 -0.00079
-0.00123 0.00000 -0.00123 -0.00123
0.00001 0.00000 0.00001 0.00001
-0.00003 0.00000 -0.00003 -0.00003
-0.00012 0.00000 -0.00012 -0.00012
-0.00033 0.00000 -0.00033 -0.00033
-0.00069 0.00000 -0.00069 -0.00069
-0.00032 0.00000 -0.00032 -0.00032
-0.00058 0.00000 -0.00058 -0.00058
0.01207 0.00000 0.01207 0.01207
-0.02098 0.00000 -0.02098 -0.02098
0.00888 0.00000 0.00888 0.00888
0.01024 0.00000 0.01024 0.01024
-0.00099 0.00000 -0.00099 -0.00099
