# avg	std	min	max
0.00000 0.00000 0.00000 0.00000
0.00000 0.00000 0.00000 0.00000
0.00000 0.00000 0.00000 0.00000
0.00000 0.00000 0.00000 0.00000
0.00000 0.00000 0.00000 0.00000
0.00000 0.00000 0.00000 0.00000
0.00399 0.00000 0.00399 0.00399
-0.01480 0.00000 -0.01480 -0.01480
0.00000 0.00000 0.00000 0.00000
0.00000 0.00000 0.00000 0.00000
0.00000 0.00000 0.00000 0.00000
0.00000 0.00000 0.00000 0.00000
0.00865 0.00000 0.00865 0.00865
0.00000 0.00000 0.00000 0.00000
0.00382 0.00000 0.00382 0.00382
0.02311 0.00000 0.02311 0.02311
0.01275 0.00000 0.01275 0.01275
-0.00293 0.00000 -0.00293 -0.00293
-0.00169 0.00000 -0.00169 -0.00169
0.00000 0.00000 0.00000 0.00000
