# avg	std	min	max
-0.00274 0.00000 -0.00274 -0.00274
0.00000 0.00000 0.00000 0.00000
-0.00600 0.00000 -0.00600 -0.00600
0.33217 0.00000 0.33217 0.33217
0.19911 0.00000 0.19911 0.19911
0.02298 0.00000 0.02298 0.02298
0.07347 0.00000 0.07347 0.07347
0.05373 0.00000 0.05373 0.05373
-0.01785 0.00000 -0.01785 -0.01785
0.00302 0.00000 0.00302 0.00302
-0.00516 0.00000 -0.00516 -0.00516
-0.00015 0.00000 -0.00015 -0.00015
0.00192 0.00000 0.00192 0.00192
0.09432 0.00000 0.09432 0.09432
0.04411 0.00000 0.04411 0.04411
-0.00693 0.00000 -0.00693 -0.00693
0.00111 0.00000 0.00111 0.00111
-0.00157 0.00000 -0.00157 -0.00157
0.04067 0.00000 0.04067 0.04067
-0.00049 0.00000 -0.00049 -0.00049
