# avg	std	min	max
0.00291 0.00000 0.00291 0.00291
0.00000 0.00000 0.00000 0.00000
0.00000 0.00000 0.00000 0.00000
-0.00063 0.00000 -0.00063 -0.00063
0.00000 0.00000 0.00000 0.00000
-0.00000 0.00000 -0.00000 -0.00000
0.00331 0.00000 0.00331 0.00331
0.00165 0.00000 0.00165 0.00165
0.00000 0.00000 0.00000 0.00000
0.00099 0.00000 0.00099 0.00099
0.00000 0.00000 0.00000 0.00000
0.00000 0.00000 0.00000 0.00000
-0.00124 0.00000 -0.00124 -0.00124
0.00000 0.00000 0.00000 0.00000
0.00006 0.00000 0.00006 0.00006
0.00000 0.00000 0.00000 0.00000
-0.00190 0.00000 -0.00190 -0.00190
0.00263 0.00000 0.00263 0.00263
0.00031 0.00000 0.00031 0.00031
0.00000 0.00000 0.00000 0.00000
