# avg	std	min	max
0.00000 0.00000 0.00000 0.00000
0.00000 0.00000 0.00000 0.00000
0.00000 0.00000 0.00000 0.00000
0.00000 0.00000 0.00000 0.00000
0.00000 0.00000 0.00000 0.00000
0.00000 0.00000 0.00000 0.00000
0.00011 0.00000 0.00011 0.00011
-0.00001 0.00000 -0.00001 -0.00001
0.00000 0.00000 0.00000 0.00000
0.00000 0.00000 0.00000 0.00000
0.00000 0.00000 0.00000 0.00000
0.00000 0.00000 0.00000 0.00000
0.00000 0.00000 0.00000 0.00000
0.00000 0.00000 0.00000 0.00000
0.00000 0.00000 0.00000 0.00000
-0.00505 0.00000 -0.00505 -0.00505
-0.00216 0.00000 -0.00216 -0.00216
0.00163 0.00000 0.00163 0.00163
0.00164 0.00000 0.00164 0.00164
0.00000 0.00000 0.00000 0.00000
