# avg	std	min	max
0.00000 0.00000 0.00000 0.00000
0.00000 0.00000 0.00000 0.00000
-0.00084 0.00000 -0.00084 -0.00084
-0.00062 0.00000 -0.00062 -0.00062
-0.00189 0.00000 -0.00189 -0.00189
0.00000 0.00000 0.00000 0.00000
-0.00192 0.00000 -0.00192 -0.00192
-0.00164 0.00000 -0.00164 -0.00164
0.00000 0.00000 0.00000 0.00000
0.00000 0.00000 0.00000 0.00000
-0.00056 0.00000 -0.00056 -0.00056
0.00000 0.00000 0.00000 0.00000
-0.00316 0.00000 -0.00316 -0.00316
-0.00062 0.00000 -0.00062 -0.00062
0.00000 0.00000 0.00000 0.00000
-0.01073 0.00000 -0.01073 -0.01073
-0.00986 0.00000 -0.00986 -0.00986
0.00291 0.00000 0.00291 0.00291
0.00404 0.00000 0.00404 0.00404
-0.00057 0.00000 -0.00057 -0.00057
