# avg	std	min	max
0.00000 0.00000 0.00000 0.00000
0.00000 0.00000 0.00000 0.00000
-0.00026 0.00000 -0.00026 -0.00026
-0.00029 0.00000 -0.00029 -0.00029
-0.00067 0.00000 -0.00067 -0.00067
-0.00108 0.00000 -0.00108 -0.00108
0.00032 0.00000 0.00032 0.00032
-0.00046 0.00000 -0.00046 -0.00046
0.00000 0.00000 0.00000 0.00000
0.00000 0.00000 0.00000 0.00000
0.00000 0.00000 0.00000 0.00000
0.00000 0.00000 0.00000 0.00000
-0.00114 0.00000 -0.00114 -0.00114
0.00043 0.00000 0.00043 0.00043
0.00034 0.00000 0.00034 0.00034
-0.00788 0.00000 -0.00788 -0.00788
-0.00771 0.00000 -0.00771 -0.00771
-0.00031 0.00000 -0.00031 -0.00031
0.00063 0.00000 0.00063 0.00063
0.00095 0.00000 0.00095 0.00095
