# avg	std	min	max
0.00839 0.00000 0.00839 0.00839
0.00842 0.00000 0.00842 0.00842
0.00850 0.00000 0.00850 0.00850
0.00848 0.00000 0.00848 0.00848
0.00860 0.00000 0.00860 0.00860
0.00823 0.00000 0.00823 0.00823
0.00836 0.00000 0.00836 0.00836
0.00836 0.00000 0.00836 0.00836
0.00839 0.00000 0.00839 0.00839
0.00839 0.00000 0.00839 0.00839
0.00839 0.00000 0.00839 0.00839
0.00836 0.00000 0.00836 0.00836
0.00839 0.00000 0.00839 0.00839
0.00839 0.00000 0.00839 0.00839
0.00839 0.00000 0.00839 0.00839
0.00000 0.00000 0.00000 0.00000
0.00000 0.00000 0.00000 0.00000
0.00839 0.00000 0.00839 0.00839
0.00842 0.00000 0.00842 0.00842
0.00839 0.00000 0.00839 0.00839
