# avg	std	min	max
-0.00063 0.00000 -0.00063 -0.00063
-0.00162 0.00000 -0.00162 -0.00162
-0.00662 0.00000 -0.00662 -0.00662
-0.00378 0.00000 -0.00378 -0.00378
-0.00387 0.00000 -0.00387 -0.00387
-0.00095 0.00000 -0.00095 -0.00095
-0.00352 0.00000 -0.00352 -0.00352
-0.00621 0.00000 -0.00621 -0.00621
-0.00379 0.00000 -0.00379 -0.00379
-0.00355 0.00000 -0.00355 -0.00355
-0.00382 0.00000 -0.00382 -0.00382
-0.00389 0.00000 -0.00389 -0.00389
-0.00229 0.00000 -0.00229 -0.00229
-0.00371 0.00000 -0.00371 -0.00371
-0.00785 0.00000 -0.00785 -0.00785
-0.00000 0.00000 -0.00000 -0.00000
-0.00071 0.00000 -0.00071 -0.00071
0.00136 0.00000 0.00136 0.00136
-0.01702 0.00000 -0.01702 -0.01702
-0.00090 0.00000 -0.00090 -0.00090
