# avg	std	min	max
0.03190 0.00000 0.03190 0.03190
0.03188 0.00000 0.03188 0.03188
0.02667 0.00000 0.02667 0.02667
-0.00445 0.00000 -0.00445 -0.00445
0.01756 0.00000 0.01756 0.01756
-0.00646 0.00000 -0.00646 -0.00646
0.03661 0.00000 0.03661 0.03661
-0.01017 0.00000 -0.01017 -0.01017
0.02376 0.00000 0.02376 0.02376
0.03894 0.00000 0.03894 0.03894
0.02883 0.00000 0.02883 0.02883
0.03084 0.00000 0.03084 0.03084
0.02096 0.00000 0.02096 0.02096
-0.02206 0.00000 -0.02206 -0.02206
0.03067 0.00000 0.03067 0.03067
0.00011 0.00000 0.00011 0.00011
0.02598 0.00000 0.02598 0.02598
0.01258 0.00000 0.01258 0.01258
0.01312 0.00000 0.01312 0.01312
0.04180 0.00000 0.04180 0.04180
