# avg	std	min	max
-0.24896 0.00000 -0.24896 -0.24896
-0.21103 0.00000 -0.21103 -0.21103
-0.60702 0.00000 -0.60702 -0.60702
-0.24186 0.00000 -0.24186 -0.24186
-0.58493 0.00000 -0.58493 -0.58493
-0.22629 0.00000 -0.22629 -0.22629
-0.25952 0.00000 -0.25952 -0.25952
-0.58135 0.00000 -0.58135 -0.58135
-0.72476 0.00000 -0.72476 -0.72476
-0.70739 0.00000 -0.70739 -0.70739
-0.22542 0.00000 -0.22542 -0.22542
-0.45943 0.00000 -0.45943 -0.45943
-0.26179 0.00000 -0.26179 -0.26179
-0.23545 0.00000 -0.23545 -0.23545
-0.24022 0.00000 -0.24022 -0.24022
0.00464 0.00000 0.00464 0.00464
0.00052 0.00000 0.00052 0.00052
-1.09614 0.00000 -1.09614 -1.09614
-1.10505 0.00000 -1.10505 -1.10505
-0.25151 0.00000 -0.25151 -0.25151
