# avg	std	min	max
0.00000 0.00000 0.00000 0.00000
0.00000 0.00000 0.00000 0.00000
0.00000 0.00000 0.00000 0.00000
-0.06680 0.00000 -0.06680 -0.06680
0.00000 0.00000 0.00000 0.00000
-0.00020 0.00000 -0.00020 -0.00020
-0.00316 0.00000 -0.00316 -0.00316
-0.06989 0.00000 -0.06989 -0.06989
0.00000 0.00000 0.00000 0.00000
0.00000 0.00000 0.00000 0.00000
0.00000 0.00000 0.00000 0.00000
0.00000 0.00000 0.00000 0.00000
-0.00189 0.00000 -0.00189 -0.00189
0.00000 0.00000 0.00000 0.00000
0.00000 0.00000 0.00000 0.00000
0.00000 0.00000 0.00000 0.00000
0.00000 0.00000 0.00000 0.00000
0.00026 0.00000 0.00026 0.00026
0.00000 0.00000 0.00000 0.00000
0.00000 0.00000 0.00000 0.00000
