# avg	std	min	max
0.00000 0.00000 0.00000 0.00000
0.31046 0.00000 0.31046 0.31046
0.40585 0.00000 0.40585 0.40585
-0.39954 0.00000 -0.39954 -0.39954
-0.84814 0.00000 -0.84814 -0.84814
-0.59009 0.00000 -0.59009 -0.59009
0.05310 0.00000 0.05310 0.05310
-0.11367 0.00000 -0.11367 -0.11367
0.50476 0.00000 0.50476 0.50476
0.27706 0.00000 0.27706 0.27706
0.81261 0.00000 0.81261 0.81261
-0.18613 0.00000 -0.18613 -0.18613
0.03157 0.00000 0.03157 0.03157
-0.14780 0.00000 -0.14780 -0.14780
-0.18233 0.00000 -0.18233 -0.18233
-0.12714 0.00000 -0.12714 -0.12714
-0.17034 0.00000 -0.17034 -0.17034
-0.16112 0.00000 -0.16112 -0.16112
0.12728 0.00000 0.12728 0.12728
-0.33541 0.00000 -0.33541 -0.33541
