# avg	std	min	max
0.00000 0.00000 0.00000 0.00000
0.00202 0.00000 0.00202 0.00202
0.00608 0.00000 0.00608 0.00608
0.00608 0.00000 0.00608 0.00608
0.00175 0.00000 0.00175 0.00175
0.00185 0.00000 0.00185 0.00185
0.00202 0.00000 0.00202 0.00202
0.00175 0.00000 0.00175 0.00175
-0.00127 0.00000 -0.00127 -0.00127
0.00000 0.00000 0.00000 0.00000
0.00202 0.00000 0.00202 0.00202
0.00383 0.00000 0.00383 0.00383
0.00405 0.00000 0.00405 0.00405
0.00608 0.00000 0.00608 0.00608
-0.00203 0.00000 -0.00203 -0.00203
0.00695 0.00000 0.00695 0.00695
0.00823 0.00000 0.00823 0.00823
-0.02169 0.00000 -0.02169 -0.02169
-0.04164 0.00000 -0.04164 -0.04164
0.00000 0.00000 0.00000 0.00000
