# avg	std	min	max
0.00000 0.00000 0.00000 0.00000
0.00058 0.00000 0.00058 0.00058
0.00057 0.00000 0.00057 0.00057
0.00058 0.00000 0.00058 0.00058
0.00058 0.00000 0.00058 0.00058
0.00021 0.00000 0.00021 0.00021
0.00161 0.00000 0.00161 0.00161
-0.00055 0.00000 -0.00055 -0.00055
0.00088 0.00000 0.00088 0.00088
0.00058 0.00000 0.00058 0.00058
0.00058 0.00000 0.00058 0.00058
0.00177 0.00000 0.00177 0.00177
-0.00079 0.00000 -0.00079 -0.00079
0.00053 0.00000 0.00053 0.00053
0.00045 0.00000 0.00045 0.00045
0.00473 0.00000 0.00473 0.00473
0.00058 0.00000 0.00058 0.00058
-0.00162 0.00000 -0.00162 -0.00162
-0.00039 0.00000 -0.00039 -0.00039
0.00058 0.00000 0.00058 0.00058
