# avg	std	min	max
0.00000 0.00000 0.00000 0.00000
0.00072 0.00000 0.00072 0.00072
0.00000 0.00000 0.00000 0.00000
-0.00000 0.00000 -0.00000 -0.00000
0.00072 0.00000 0.00072 0.00072
0.00061 0.00000 0.00061 0.00061
-0.00072 0.00000 -0.00072 -0.00072
0.00010 0.00000 0.00010 0.00010
0.00144 0.00000 0.00144 0.00144
0.00072 0.00000 0.00072 0.00072
0.00052 0.00000 0.00052 0.00052
0.00000 0.00000 0.00000 0.00000
0.00042 0.00000 0.00042 0.00042
0.00144 0.00000 0.00144 0.00144
-0.00000 0.00000 -0.00000 -0.00000
-0.00807 0.00000 -0.00807 -0.00807
-0.00186 0.00000 -0.00186 -0.00186
0.00072 0.00000 0.00072 0.00072
0.00089 0.00000 0.00089 0.00089
0.00000 0.00000 0.00000 0.00000
