# avg	std	min	max
-0.27567 0.00000 -0.27567 -0.27567
-0.11154 0.00000 -0.11154 -0.11154
-0.03070 0.00000 -0.03070 -0.03070
-0.13002 0.00000 -0.13002 -0.13002
-0.08089 0.00000 -0.08089 -0.08089
-0.25278 0.00000 -0.25278 -0.25278
-0.08491 0.00000 -0.08491 -0.08491
0.01169 0.00000 0.01169 0.01169
0.54541 0.00000 0.54541 0.54541
-0.18633 0.00000 -0.18633 -0.18633
0.22440 0.00000 0.22440 0.22440
-0.15679 0.00000 -0.15679 -0.15679
-0.04303 0.00000 -0.04303 -0.04303
-0.07926 0.00000 -0.07926 -0.07926
0.16972 0.00000 0.16972 0.16972
0.49032 0.00000 0.49032 0.49032
0.52104 0.00000 0.52104 0.52104
-0.46533 0.00000 -0.46533 -0.46533
-0.71105 0.00000 -0.71105 -0.71105
0.00202 0.00000 0.00202 0.00202
