# avg	std	min	max
0.00005 0.00000 0.00005 0.00005
0.00000 0.00000 0.00000 0.00000
0.00000 0.00000 0.00000 0.00000
0.00000 0.00000 0.00000 0.00000
0.00000 0.00000 0.00000 0.00000
0.00000 0.00000 0.00000 0.00000
0.00000 0.00000 0.00000 0.00000
0.00391 0.00000 0.00391 0.00391
-0.00002 0.00000 -0.00002 -0.00002
0.00000 0.00000 0.00000 0.00000
0.00000 0.00000 0.00000 0.00000
0.00000 0.00000 0.00000 0.00000
-0.00031 0.00000 -0.00031 -0.00031
0.00000 0.00000 0.00000 0.00000
0.00000 0.00000 0.00000 0.00000
0.00675 0.00000 0.00675 0.00675
0.00093 0.00000 0.00093 0.00093
-0.00034 0.00000 -0.00034 -0.00034
-0.00513 0.00000 -0.00513 -0.00513
0.00000 0.00000 0.00000 0.00000
