# avg	std	min	max
0.33617 0.00000 0.33617 0.33617
0.11878 0.00000 0.11878 0.11878
0.51026 0.00000 0.51026 0.51026
-0.24916 0.00000 -0.24916 -0.24916
0.18340 0.00000 0.18340 0.18340
-0.09341 0.00000 -0.09341 -0.09341
-0.08952 0.00000 -0.08952 -0.08952
0.01133 0.00000 0.01133 0.01133
1.96482 0.00000 1.96482 1.96482
-0.31844 0.00000 -0.31844 -0.31844
-0.09316 0.00000 -0.09316 -0.09316
0.12651 0.00000 0.12651 0.12651
-0.03328 0.00000 -0.03328 -0.03328
0.48392 0.00000 0.48392 0.48392
0.33717 0.00000 0.33717 0.33717
0.93643 0.00000 0.93643 0.93643
0.73537 0.00000 0.73537 0.73537
-0.00157 0.00000 -0.00157 -0.00157
0.00623 0.00000 0.00623 0.00623
0.12412 0.00000 0.12412 0.12412
