# avg	std	min	max
0.02657 0.00000 0.02657 0.02657
0.03215 0.00000 0.03215 0.03215
0.03499 0.00000 0.03499 0.03499
0.02957 0.00000 0.02957 0.02957
0.03185 0.00000 0.03185 0.03185
0.00982 0.00000 0.00982 0.00982
0.02025 0.00000 0.02025 0.02025
0.03446 0.00000 0.03446 0.03446
0.04407 0.00000 0.04407 0.04407
0.03395 0.00000 0.03395 0.03395
0.05916 0.00000 0.05916 0.05916
0.03152 0.00000 0.03152 0.03152
0.01805 0.00000 0.01805 0.01805
0.02832 0.00000 0.02832 0.02832
0.01952 0.00000 0.01952 0.01952
0.12167 0.00000 0.12167 0.12167
0.14525 0.00000 0.14525 0.14525
0.00429 0.00000 0.00429 0.00429
-0.05796 0.00000 -0.05796 -0.05796
0.07061 0.00000 0.07061 0.07061
