# avg	std	min	max
-0.00052 0.00000 -0.00052 -0.00052
-0.00024 0.00000 -0.00024 -0.00024
0.00021 0.00000 0.00021 0.00021
0.00000 0.00000 0.00000 0.00000
0.00019 0.00000 0.00019 0.00019
-0.00021 0.00000 -0.00021 -0.00021
0.00071 0.00000 0.00071 0.00071
-0.00345 0.00000 -0.00345 -0.00345
-0.00003 0.00000 -0.00003 -0.00003
-0.00034 0.00000 -0.00034 -0.00034
0.00018 0.00000 0.00018 0.00018
-0.00028 0.00000 -0.00028 -0.00028
0.00148 0.00000 0.00148 0.00148
-0.00028 0.00000 -0.00028 -0.00028
-0.00021 0.00000 -0.00021 -0.00021
0.00034 0.00000 0.00034 0.00034
0.00017 0.00000 0.00017 0.00017
0.00000 0.00000 0.00000 0.00000
0.00037 0.00000 0.00037 0.00037
0.00081 0.00000 0.00081 0.00081
