# avg	std	min	max
0.00001 0.00000 0.00001 0.00001
0.00005 0.00000 0.00005 0.00005
0.00009 0.00000 0.00009 0.00009
0.00000 0.00000 0.00000 0.00000
-0.00000 0.00000 -0.00000 -0.00000
0.00000 0.00000 0.00000 0.00000
0.00015 0.00000 0.00015 0.00015
0.00062 0.00000 0.00062 0.00062
0.00000 0.00000 0.00000 0.00000
0.00015 0.00000 0.00015 0.00015
0.00000 0.00000 0.00000 0.00000
0.00000 0.00000 0.00000 0.00000
-0.00217 0.00000 -0.00217 -0.00217
0.00002 0.00000 0.00002 0.00002
0.00000 0.00000 0.00000 0.00000
0.00018 0.00000 0.00018 0.00018
-0.00049 0.00000 -0.00049 -0.00049
-0.00227 0.00000 -0.00227 -0.00227
0.00481 0.00000 0.00481 0.00481
0.00004 0.00000 0.00004 0.00004
