# avg	std	min	max
-0.00000 0.00000 -0.00000 -0.00000
0.00000 0.00000 0.00000 0.00000
0.00001 0.00000 0.00001 0.00001
0.00000 0.00000 0.00000 0.00000
-0.00000 0.00000 -0.00000 -0.00000
-0.00004 0.00000 -0.00004 -0.00004
0.00018 0.00000 0.00018 0.00018
0.00007 0.00000 0.00007 0.00007
-0.00005 0.00000 -0.00005 -0.00005
-0.00001 0.00000 -0.00001 -0.00001
-0.00001 0.00000 -0.00001 -0.00001
-0.00001 0.00000 -0.00001 -0.00001
0.00031 0.00000 0.00031 0.00031
-0.00000 0.00000 -0.00000 -0.00000
0.00000 0.00000 0.00000 0.00000
-0.00161 0.00000 -0.00161 -0.00161
-0.00140 0.00000 -0.00140 -0.00140
0.00060 0.00000 0.00060 0.00060
0.00198 0.00000 0.00198 0.00198
0.00007 0.00000 0.00007 0.00007
