# avg	std	min	max
0.01447 0.00000 0.01447 0.01447
0.00843 0.00000 0.00843 0.00843
0.06024 0.00000 0.06024 0.06024
0.00000 0.00000 0.00000 0.00000
-0.00079 0.00000 -0.00079 -0.00079
-0.00053 0.00000 -0.00053 -0.00053
0.08752 0.00000 0.08752 0.08752
0.00443 0.00000 0.00443 0.00443
0.00550 0.00000 0.00550 0.00550
0.00392 0.00000 0.00392 0.00392
-0.04714 0.00000 -0.04714 -0.04714
-0.00128 0.00000 -0.00128 -0.00128
-0.01131 0.00000 -0.01131 -0.01131
0.05730 0.00000 0.05730 0.05730
0.23517 0.00000 0.23517 0.23517
0.15177 0.00000 0.15177 0.15177
0.63352 0.00000 0.63352 0.63352
-0.15688 0.00000 -0.15688 -0.15688
-0.07607 0.00000 -0.07607 -0.07607
0.07066 0.00000 0.07066 0.07066
