# avg	std	min	max
0.00001 0.00000 0.00001 0.00001
0.00001 0.00000 0.00001 0.00001
0.00001 0.00000 0.00001 0.00001
0.00000 0.00000 0.00000 0.00000
0.00001 0.00000 0.00001 0.00001
0.00000 0.00000 0.00000 0.00000
0.00003 0.00000 0.00003 0.00003
-0.00035 0.00000 -0.00035 -0.00035
0.00001 0.00000 0.00001 0.00001
0.00001 0.00000 0.00001 0.00001
0.00000 0.00000 0.00000 0.00000
0.00001 0.00000 0.00001 0.00001
0.00712 0.00000 0.00712 0.00712
0.00001 0.00000 0.00001 0.00001
0.00000 0.00000 0.00000 0.00000
0.00068 0.00000 0.00068 0.00068
-0.00031 0.00000 -0.00031 -0.00031
-0.00185 0.00000 -0.00185 -0.00185
-0.00593 0.00000 -0.00593 -0.00593
0.00000 0.00000 0.00000 0.00000
