# avg	std	min	max
-0.01474 0.00000 -0.01474 -0.01474
-0.01686 0.00000 -0.01686 -0.01686
-0.01537 0.00000 -0.01537 -0.01537
-0.02093 0.00000 -0.02093 -0.02093
-0.02949 0.00000 -0.02949 -0.02949
-0.02466 0.00000 -0.02466 -0.02466
-0.02927 0.00000 -0.02927 -0.02927
0.28654 0.00000 0.28654 0.28654
0.00783 0.00000 0.00783 0.00783
-0.01466 0.00000 -0.01466 -0.01466
-0.01288 0.00000 -0.01288 -0.01288
-0.02459 0.00000 -0.02459 -0.02459
-0.02693 0.00000 -0.02693 -0.02693
-0.00049 0.00000 -0.00049 -0.00049
-0.00134 0.00000 -0.00134 -0.00134
-0.14156 0.00000 -0.14156 -0.14156
-0.09847 0.00000 -0.09847 -0.09847
0.00279 0.00000 0.00279 0.00279
0.01481 0.00000 0.01481 0.01481
-0.02885 0.00000 -0.02885 -0.02885
