# avg	std	min	max
-0.00000 0.00000 -0.00000 -0.00000
-0.00000 0.00000 -0.00000 -0.00000
0.00021 0.00000 0.00021 0.00021
0.00027 0.00000 0.00027 0.00027
-0.00000 0.00000 -0.00000 -0.00000
0.00348 0.00000 0.00348 0.00348
0.00000 0.00000 0.00000 0.00000
0.00000 0.00000 0.00000 0.00000
0.00106 0.00000 0.00106 0.00106
-0.00001 0.00000 -0.00001 -0.00001
0.00044 0.00000 0.00044 0.00044
0.00001 0.00000 0.00001 0.00001
0.00027 0.00000 0.00027 0.00027
0.00000 0.00000 0.00000 0.00000
0.00000 0.00000 0.00000 0.00000
0.01053 0.00000 0.01053 0.01053
0.03201 0.00000 0.03201 0.03201
0.00013 0.00000 0.00013 0.00013
0.00061 0.00000 0.00061 0.00061
0.00117 0.00000 0.00117 0.00117
