# avg	std	min	max
-0.01189 0.00000 -0.01189 -0.01189
0.00004 0.00000 0.00004 0.00004
0.01018 0.00000 0.01018 0.01018
0.00000 0.00000 0.00000 0.00000
0.00000 0.00000 0.00000 0.00000
0.00036 0.00000 0.00036 0.00036
-0.00098 0.00000 -0.00098 -0.00098
-0.00086 0.00000 -0.00086 -0.00086
0.00788 0.00000 0.00788 0.00788
0.00006 0.00000 0.00006 0.00006
0.00000 0.00000 0.00000 0.00000
0.00000 0.00000 0.00000 0.00000
0.00000 0.00000 0.00000 0.00000
0.00000 0.00000 0.00000 0.00000
0.00000 0.00000 0.00000 0.00000
0.08747 0.00000 0.08747 0.08747
0.09120 0.00000 0.09120 0.09120
-0.02764 0.00000 -0.02764 -0.02764
-0.06554 0.00000 -0.06554 -0.06554
-0.00005 0.00000 -0.00005 -0.00005
