# avg	std	min	max
-0.00006 0.00000 -0.00006 -0.00006
-0.00026 0.00000 -0.00026 -0.00026
0.00094 0.00000 0.00094 0.00094
0.00088 0.00000 0.00088 0.00088
-0.06292 0.00000 -0.06292 -0.06292
0.00019 0.00000 0.00019 0.00019
-0.00322 0.00000 -0.00322 -0.00322
-0.24476 0.00000 -0.24476 -0.24476
-0.00001 0.00000 -0.00001 -0.00001
-0.00292 0.00000 -0.00292 -0.00292
-0.22516 0.00000 -0.22516 -0.22516
-0.14146 0.00000 -0.14146 -0.14146
-0.00338 0.00000 -0.00338 -0.00338
-0.00004 0.00000 -0.00004 -0.00004
0.00072 0.00000 0.00072 0.00072
0.00656 0.00000 0.00656 0.00656
0.02793 0.00000 0.02793 0.02793
-0.07133 0.00000 -0.07133 -0.07133
-0.01874 0.00000 -0.01874 -0.01874
-0.00212 0.00000 -0.00212 -0.00212
