# avg	std	min	max
0.00005 0.00000 0.00005 0.00005
-0.01480 0.00000 -0.01480 -0.01480
0.00000 0.00000 0.00000 0.00000
0.01021 0.00000 0.01021 0.01021
0.00000 0.00000 0.00000 0.00000
0.00010 0.00000 0.00010 0.00010
0.00000 0.00000 0.00000 0.00000
0.00015 0.00000 0.00015 0.00015
0.00000 0.00000 0.00000 0.00000
0.00000 0.00000 0.00000 0.00000
0.00000 0.00000 0.00000 0.00000
0.00000 0.00000 0.00000 0.00000
0.00000 0.00000 0.00000 0.00000
0.00000 0.00000 0.00000 0.00000
0.00000 0.00000 0.00000 0.00000
0.06321 0.00000 0.06321 0.06321
0.08106 0.00000 0.08106 0.08106
-0.00489 0.00000 -0.00489 -0.00489
-0.03117 0.00000 -0.03117 -0.03117
-0.02924 0.00000 -0.02924 -0.02924
