# avg	std	min	max
0.83010 0.00000 0.83010 0.83010
0.27172 0.00000 0.27172 0.27172
-0.63308 0.00000 -0.63308 -0.63308
-0.48838 0.00000 -0.48838 -0.48838
1.72143 0.00000 1.72143 1.72143
-0.48681 0.00000 -0.48681 -0.48681
-0.36552 0.00000 -0.36552 -0.36552
-0.86958 0.00000 -0.86958 -0.86958
-0.39422 0.00000 -0.39422 -0.39422
1.26147 0.00000 1.26147 1.26147
1.44157 0.00000 1.44157 1.44157
0.49131 0.00000 0.49131 0.49131
-0.13324 0.00000 -0.13324 -0.13324
-0.06544 0.00000 -0.06544 -0.06544
-0.00543 0.00000 -0.00543 -0.00543
1.50563 0.00000 1.50563 1.50563
-0.04267 0.00000 -0.04267 -0.04267
0.30619 0.00000 0.30619 0.30619
-0.01193 0.00000 -0.01193 -0.01193
0.67681 0.00000 0.67681 0.67681
