# avg	std	min	max
-0.16855 0.00000 -0.16855 -0.16855
-0.04431 0.00000 -0.04431 -0.04431
-0.06474 0.00000 -0.06474 -0.06474
0.02061 0.00000 0.02061 0.02061
-0.23506 0.00000 -0.23506 -0.23506
-0.09267 0.00000 -0.09267 -0.09267
-0.09573 0.00000 -0.09573 -0.09573
0.05982 0.00000 0.05982 0.05982
-0.12691 0.00000 -0.12691 -0.12691
-0.05724 0.00000 -0.05724 -0.05724
-0.02059 0.00000 -0.02059 -0.02059
0.00596 0.00000 0.00596 0.00596
-0.01753 0.00000 -0.01753 -0.01753
-0.10648 0.00000 -0.10648 -0.10648
-0.05545 0.00000 -0.05545 -0.05545
-0.05693 0.00000 -0.05693 -0.05693
-0.19995 0.00000 -0.19995 -0.19995
0.00426 0.00000 0.00426 0.00426
0.00000 0.00000 0.00000 0.00000
-0.06322 0.00000 -0.06322 -0.06322
