# avg	std	min	max
0.01215 0.00000 0.01215 0.01215
0.00443 0.00000 0.00443 0.00443
0.02025 0.00000 0.02025 0.02025
0.01903 0.00000 0.01903 0.01903
0.11102 0.00000 0.11102 0.11102
0.01066 0.00000 0.01066 0.01066
0.01314 0.00000 0.01314 0.01314
0.02788 0.00000 0.02788 0.02788
0.01954 0.00000 0.01954 0.01954
0.02346 0.00000 0.02346 0.02346
0.13063 0.00000 0.13063 0.13063
0.01821 0.00000 0.01821 0.01821
0.02612 0.00000 0.02612 0.02612
0.01364 0.00000 0.01364 0.01364
0.02785 0.00000 0.02785 0.02785
0.03434 0.00000 0.03434 0.03434
0.02375 0.00000 0.02375 0.02375
0.01086 0.00000 0.01086 0.01086
-0.00316 0.00000 -0.00316 -0.00316
0.01988 0.00000 0.01988 0.01988
