# avg	std	min	max
-0.30716 0.00000 -0.30716 -0.30716
-0.46718 0.00000 -0.46718 -0.46718
-0.28398 0.00000 -0.28398 -0.28398
0.14335 0.00000 0.14335 0.14335
0.09815 0.00000 0.09815 0.09815
0.11024 0.00000 0.11024 0.11024
-0.38675 0.00000 -0.38675 -0.38675
0.12458 0.00000 0.12458 0.12458
-0.23949 0.00000 -0.23949 -0.23949
-0.49357 0.00000 -0.49357 -0.49357
-0.26718 0.00000 -0.26718 -0.26718
0.12953 0.00000 0.12953 0.12953
-0.24209 0.00000 -0.24209 -0.24209
-0.48938 0.00000 -0.48938 -0.48938
-0.24203 0.00000 -0.24203 -0.24203
-0.17527 0.00000 -0.17527 -0.17527
-0.18394 0.00000 -0.18394 -0.18394
0.01963 0.00000 0.01963 0.01963
0.00000 0.00000 0.00000 0.00000
-0.14044 0.00000 -0.14044 -0.14044
