# avg	std	min	max
-0.00480 0.00000 -0.00480 -0.00480
-0.00513 0.00000 -0.00513 -0.00513
-0.00638 0.00000 -0.00638 -0.00638
-0.00427 0.00000 -0.00427 -0.00427
-0.00831 0.00000 -0.00831 -0.00831
-0.00365 0.00000 -0.00365 -0.00365
-0.00431 0.00000 -0.00431 -0.00431
-0.00258 0.00000 -0.00258 -0.00258
-0.00728 0.00000 -0.00728 -0.00728
-0.00534 0.00000 -0.00534 -0.00534
-0.00437 0.00000 -0.00437 -0.00437
-0.00542 0.00000 -0.00542 -0.00542
-0.00344 0.00000 -0.00344 -0.00344
-0.00745 0.00000 -0.00745 -0.00745
-0.00738 0.00000 -0.00738 -0.00738
-0.00388 0.00000 -0.00388 -0.00388
-0.00399 0.00000 -0.00399 -0.00399
-0.00421 0.00000 -0.00421 -0.00421
0.00001 0.00000 0.00001 0.00001
-0.00617 0.00000 -0.00617 -0.00617
