# avg	std	min	max
0.00067 0.00000 0.00067 0.00067
0.00000 0.00000 0.00000 0.00000
0.00000 0.00000 0.00000 0.00000
-0.00001 0.00000 -0.00001 -0.00001
-0.00001 0.00000 -0.00001 -0.00001
-0.00001 0.00000 -0.00001 -0.00001
-0.00001 0.00000 -0.00001 -0.00001
0.03719 0.00000 0.03719 0.03719
0.00000 0.00000 0.00000 0.00000
0.00000 0.00000 0.00000 0.00000
0.00000 0.00000 0.00000 0.00000
-0.00005 0.00000 -0.00005 -0.00005
0.15822 0.00000 0.15822 0.15822
0.00000 0.00000 0.00000 0.00000
0.00000 0.00000 0.00000 0.00000
-0.00132 0.00000 -0.00132 -0.00132
0.01007 0.00000 0.01007 0.01007
-0.03076 0.00000 -0.03076 -0.03076
-0.04195 0.00000 -0.04195 -0.04195
0.00000 0.00000 0.00000 0.00000
