# avg	std	min	max
0.00000 0.00000 0.00000 0.00000
0.00000 0.00000 0.00000 0.00000
-0.00000 0.00000 -0.00000 -0.00000
0.00000 0.00000 0.00000 0.00000
-0.00013 0.00000 -0.00013 -0.00013
0.00048 0.00000 0.00048 0.00048
-0.00112 0.00000 -0.00112 -0.00112
0.01015 0.00000 0.01015 0.01015
0.00000 0.00000 0.00000 0.00000
0.00000 0.00000 0.00000 0.00000
0.00000 0.00000 0.00000 0.00000
0.00000 0.00000 0.00000 0.00000
0.03186 0.00000 0.03186 0.03186
0.00000 0.00000 0.00000 0.00000
0.00000 0.00000 0.00000 0.00000
-0.01137 0.00000 -0.01137 -0.01137
-0.01958 0.00000 -0.01958 -0.01958
0.00581 0.00000 0.00581 0.00581
0.00798 0.00000 0.00798 0.00798
0.00027 0.00000 0.00027 0.00027
