# avg	std	min	max
0.00000 0.00000 0.00000 0.00000
0.00000 0.00000 0.00000 0.00000
0.00003 0.00000 0.00003 0.00003
0.00000 0.00000 0.00000 0.00000
-0.00003 0.00000 -0.00003 -0.00003
0.00000 0.00000 0.00000 0.00000
-0.00002 0.00000 -0.00002 -0.00002
0.00060 0.00000 0.00060 0.00060
0.00000 0.00000 0.00000 0.00000
0.00000 0.00000 0.00000 0.00000
0.00003 0.00000 0.00003 0.00003
0.00000 0.00000 0.00000 0.00000
-0.00287 0.00000 -0.00287 -0.00287
0.00008 0.00000 0.00008 0.00008
0.00019 0.00000 0.00019 0.00019
0.00022 0.00000 0.00022 0.00022
0.00022 0.00000 0.00022 0.00022
0.00076 0.00000 0.00076 0.00076
0.00011 0.00000 0.00011 0.00011
0.00000 0.00000 0.00000 0.00000
