# avg	std	min	max
0.00000 0.00000 0.00000 0.00000
0.00000 0.00000 0.00000 0.00000
0.00000 0.00000 0.00000 0.00000
-0.00000 0.00000 -0.00000 -0.00000
0.00000 0.00000 0.00000 0.00000
0.00000 0.00000 0.00000 0.00000
0.00000 0.00000 0.00000 0.00000
0.00000 0.00000 0.00000 0.00000
0.00096 0.00000 0.00096 0.00096
0.00000 0.00000 0.00000 0.00000
0.00000 0.00000 0.00000 0.00000
0.00000 0.00000 0.00000 0.00000
0.00000 0.00000 0.00000 0.00000
0.00466 0.00000 0.00466 0.00466
0.00000 0.00000 0.00000 0.00000
-0.00113 0.00000 -0.00113 -0.00113
0.00112 0.00000 0.00112 0.00112
0.00000 0.00000 0.00000 0.00000
0.00008 0.00000 0.00008 0.00008
0.00000 0.00000 0.00000 0.00000
