# avg	std	min	max
-0.05150 0.00000 -0.05150 -0.05150
0.00413 0.00000 0.00413 0.00413
0.06336 0.00000 0.06336 0.06336
0.02175 0.00000 0.02175 0.02175
0.07428 0.00000 0.07428 0.07428
0.01107 0.00000 0.01107 0.01107
0.13545 0.00000 0.13545 0.13545
0.03587 0.00000 0.03587 0.03587
0.31629 0.00000 0.31629 0.31629
0.00003 0.00000 0.00003 0.00003
0.00165 0.00000 0.00165 0.00165
0.01297 0.00000 0.01297 0.01297
0.18196 0.00000 0.18196 0.18196
0.13485 0.00000 0.13485 0.13485
0.01072 0.00000 0.01072 0.01072
0.33247 0.00000 0.33247 0.33247
0.11004 0.00000 0.11004 0.11004
-0.04506 0.00000 -0.04506 -0.04506
-0.09002 0.00000 -0.09002 -0.09002
0.34158 0.00000 0.34158 0.34158
