# avg	std	min	max
0.80442 0.00000 0.80442 0.80442
0.49632 0.00000 0.49632 0.49632
-0.08176 0.00000 -0.08176 -0.08176
-0.76490 0.00000 -0.76490 -0.76490
-1.55664 0.00000 -1.55664 -1.55664
-0.83058 0.00000 -0.83058 -0.83058
-0.03212 0.00000 -0.03212 -0.03212
0.35397 0.00000 0.35397 0.35397
0.37169 0.00000 0.37169 0.37169
0.41021 0.00000 0.41021 0.41021
-0.00109 0.00000 -0.00109 -0.00109
0.16605 0.00000 0.16605 0.16605
-0.04658 0.00000 -0.04658 -0.04658
0.47157 0.00000 0.47157 0.47157
-0.01926 0.00000 -0.01926 -0.01926
-1.30300 0.00000 -1.30300 -1.30300
-0.90590 0.00000 -0.90590 -0.90590
-0.20165 0.00000 -0.20165 -0.20165
0.13509 0.00000 0.13509 0.13509
0.67138 0.00000 0.67138 0.67138
