# avg	std	min	max
-0.00068 0.00000 -0.00068 -0.00068
-0.00068 0.00000 -0.00068 -0.00068
0.00000 0.00000 0.00000 0.00000
-0.00065 0.00000 -0.00065 -0.00065
-0.00053 0.00000 -0.00053 -0.00053
-0.00066 0.00000 -0.00066 -0.00066
-0.00064 0.00000 -0.00064 -0.00064
-0.00492 0.00000 -0.00492 -0.00492
-0.00066 0.00000 -0.00066 -0.00066
-0.00066 0.00000 -0.00066 -0.00066
0.00000 0.00000 0.00000 0.00000
0.00000 0.00000 0.00000 0.00000
-0.00067 0.00000 -0.00067 -0.00067
0.00000 0.00000 0.00000 0.00000
-0.00003 0.00000 -0.00003 -0.00003
0.00049 0.00000 0.00049 0.00049
-0.02685 0.00000 -0.02685 -0.02685
0.02763 0.00000 0.02763 0.02763
-0.00221 0.00000 -0.00221 -0.00221
-0.00065 0.00000 -0.00065 -0.00065
