# avg	std	min	max
0.09463 0.00000 0.09463 0.09463
0.15942 0.00000 0.15942 0.15942
-0.18104 0.00000 -0.18104 -0.18104
0.01924 0.00000 0.01924 0.01924
-0.20682 0.00000 -0.20682 -0.20682
0.03656 0.00000 0.03656 0.03656
0.00206 0.00000 0.00206 0.00206
0.01536 0.00000 0.01536 0.01536
0.08916 0.00000 0.08916 0.08916
0.23247 0.00000 0.23247 0.23247
-0.00019 0.00000 -0.00019 -0.00019
0.18379 0.00000 0.18379 0.18379
0.25907 0.00000 0.25907 0.25907
0.23030 0.00000 0.23030 0.23030
-0.40722 0.00000 -0.40722 -0.40722
0.17245 0.00000 0.17245 0.17245
0.23906 0.00000 0.23906 0.23906
-0.26474 0.00000 -0.26474 -0.26474
0.01061 0.00000 0.01061 0.01061
0.04542 0.00000 0.04542 0.04542
