# avg	std	min	max
0.00000 0.00000 0.00000 0.00000
0.00000 0.00000 0.00000 0.00000
0.00000 0.00000 0.00000 0.00000
0.00000 0.00000 0.00000 0.00000
0.00000 0.00000 0.00000 0.00000
0.00000 0.00000 0.00000 0.00000
0.00000 0.00000 0.00000 0.00000
-0.00000 0.00000 -0.00000 -0.00000
0.00000 0.00000 0.00000 0.00000
0.00000 0.00000 0.00000 0.00000
0.00000 0.00000 0.00000 0.00000
0.00000 0.00000 0.00000 0.00000
-0.00000 0.00000 -0.00000 -0.00000
-0.00001 0.00000 -0.00001 -0.00001
-0.00000 0.00000 -0.00000 -0.00000
-0.01302 0.00000 -0.01302 -0.01302
-0.01319 0.00000 -0.01319 -0.01319
-0.00466 0.00000 -0.00466 -0.00466
-0.00488 0.00000 -0.00488 -0.00488
0.00000 0.00000 0.00000 0.00000
