# avg	std	min	max
0.00000 0.00000 0.00000 0.00000
0.00000 0.00000 0.00000 0.00000
0.00000 0.00000 0.00000 0.00000
0.00000 0.00000 0.00000 0.00000
0.00000 0.00000 0.00000 0.00000
-0.00001 0.00000 -0.00001 -0.00001
0.01222 0.00000 0.01222 0.01222
0.00004 0.00000 0.00004 0.00004
0.15241 0.00000 0.15241 0.15241
0.00000 0.00000 0.00000 0.00000
0.00000 0.00000 0.00000 0.00000
0.00000 0.00000 0.00000 0.00000
0.00410 0.00000 0.00410 0.00410
0.00000 0.00000 0.00000 0.00000
0.00000 0.00000 0.00000 0.00000
0.00585 0.00000 0.00585 0.00585
0.00278 0.00000 0.00278 0.00278
-0.00268 0.00000 -0.00268 -0.00268
-0.00729 0.00000 -0.00729 -0.00729
0.00000 0.00000 0.00000 0.00000
