# avg	std	min	max
0.00138 0.00000 0.00138 0.00138
0.00117 0.00000 0.00117 0.00117
-0.00001 0.00000 -0.00001 -0.00001
0.00318 0.00000 0.00318 0.00318
-0.00428 0.00000 -0.00428 -0.00428
0.00106 0.00000 0.00106 0.00106
-0.00039 0.00000 -0.00039 -0.00039
-0.00491 0.00000 -0.00491 -0.00491
-0.00584 0.00000 -0.00584 -0.00584
0.00059 0.00000 0.00059 0.00059
-0.00109 0.00000 -0.00109 -0.00109
-0.00001 0.00000 -0.00001 -0.00001
-0.00029 0.00000 -0.00029 -0.00029
0.00207 0.00000 0.00207 0.00207
0.00452 0.00000 0.00452 0.00452
0.01736 0.00000 0.01736 0.01736
0.04514 0.00000 0.04514 0.04514
-0.00765 0.00000 -0.00765 -0.00765
0.00153 0.00000 0.00153 0.00153
0.00076 0.00000 0.00076 0.00076
