# avg	std	min	max
0.06556 0.00000 0.06556 0.06556
0.00028 0.00000 0.00028 0.00028
0.00000 0.00000 0.00000 0.00000
-0.00000 0.00000 -0.00000 -0.00000
-0.00260 0.00000 -0.00260 -0.00260
-0.00011 0.00000 -0.00011 -0.00011
-0.01673 0.00000 -0.01673 -0.01673
-0.00626 0.00000 -0.00626 -0.00626
-0.00373 0.00000 -0.00373 -0.00373
0.00010 0.00000 0.00010 0.00010
-0.00009 0.00000 -0.00009 -0.00009
0.00000 0.00000 0.00000 0.00000
0.00819 0.00000 0.00819 0.00819
-0.00020 0.00000 -0.00020 -0.00020
-0.00028 0.00000 -0.00028 -0.00028
-0.00073 0.00000 -0.00073 -0.00073
0.05954 0.00000 0.05954 0.05954
-0.00337 0.00000 -0.00337 -0.00337
-0.00031 0.00000 -0.00031 -0.00031
-0.01749 0.00000 -0.01749 -0.01749
