# avg	std	min	max
0.00000 0.00000 0.00000 0.00000
0.00000 0.00000 0.00000 0.00000
0.00000 0.00000 0.00000 0.00000
0.00000 0.00000 0.00000 0.00000
0.00000 0.00000 0.00000 0.00000
-0.00037 0.00000 -0.00037 -0.00037
-0.00020 0.00000 -0.00020 -0.00020
-0.00136 0.00000 -0.00136 -0.00136
-0.00000 0.00000 -0.00000 -0.00000
0.00000 0.00000 0.00000 0.00000
0.00000 0.00000 0.00000 0.00000
0.00000 0.00000 0.00000 0.00000
-0.00000 0.00000 -0.00000 -0.00000
0.00000 0.00000 0.00000 0.00000
-0.00018 0.00000 -0.00018 -0.00018
-0.00400 0.00000 -0.00400 -0.00400
-0.00396 0.00000 -0.00396 -0.00396
-0.00107 0.00000 -0.00107 -0.00107
-0.00137 0.00000 -0.00137 -0.00137
0.00000 0.00000 0.00000 0.00000
