# avg	std	min	max
-0.91541 0.00000 -0.91541 -0.91541
-0.19830 0.00000 -0.19830 -0.19830
0.00004 0.00000 0.00004 0.00004
0.02838 0.00000 0.02838 0.02838
-0.01226 0.00000 -0.01226 -0.01226
-0.18217 0.00000 -0.18217 -0.18217
-0.19511 0.00000 -0.19511 -0.19511
-1.89432 0.00000 -1.89432 -1.89432
-0.99872 0.00000 -0.99872 -0.99872
-0.57429 0.00000 -0.57429 -0.57429
-0.00551 0.00000 -0.00551 -0.00551
-0.34759 0.00000 -0.34759 -0.34759
-1.16639 0.00000 -1.16639 -1.16639
0.03675 0.00000 0.03675 0.03675
0.07522 0.00000 0.07522 0.07522
0.54312 0.00000 0.54312 0.54312
0.65563 0.00000 0.65563 0.65563
-0.59434 0.00000 -0.59434 -0.59434
-1.04976 0.00000 -1.04976 -1.04976
-0.63322 0.00000 -0.63322 -0.63322
