# avg	std	min	max
0.00000 0.00000 0.00000 0.00000
-0.00362 0.00000 -0.00362 -0.00362
0.00342 0.00000 0.00342 0.00342
0.00272 0.00000 0.00272 0.00272
0.00000 0.00000 0.00000 0.00000
-0.01620 0.00000 -0.01620 -0.01620
-0.00820 0.00000 -0.00820 -0.00820
-0.01496 0.00000 -0.01496 -0.01496
-0.00362 0.00000 -0.00362 -0.00362
0.00000 0.00000 0.00000 0.00000
0.00000 0.00000 0.00000 0.00000
0.00000 0.00000 0.00000 0.00000
-0.00456 0.00000 -0.00456 -0.00456
0.00000 0.00000 0.00000 0.00000
-0.00974 0.00000 -0.00974 -0.00974
0.00000 0.00000 0.00000 0.00000
0.00000 0.00000 0.00000 0.00000
0.00284 0.00000 0.00284 0.00284
0.00568 0.00000 0.00568 0.00568
-0.01820 0.00000 -0.01820 -0.01820
