# avg	std	min	max
-0.03088 0.00000 -0.03088 -0.03088
-0.03270 0.00000 -0.03270 -0.03270
-0.03264 0.00000 -0.03264 -0.03264
-0.02240 0.00000 -0.02240 -0.02240
-0.03264 0.00000 -0.03264 -0.03264
0.01332 0.00000 0.01332 0.01332
0.01098 0.00000 0.01098 0.01098
0.08174 0.00000 0.08174 0.08174
-0.02610 0.00000 -0.02610 -0.02610
-0.03084 0.00000 -0.03084 -0.03084
-0.03268 0.00000 -0.03268 -0.03268
-0.03088 0.00000 -0.03088 -0.03088
0.00192 0.00000 0.00192 0.00192
-0.02616 0.00000 -0.02616 -0.02616
-0.00740 0.00000 -0.00740 -0.00740
-0.02056 0.00000 -0.02056 -0.02056
-0.03088 0.00000 -0.03088 -0.03088
-0.02288 0.00000 -0.02288 -0.02288
0.00000 0.00000 0.00000 0.00000
-0.02394 0.00000 -0.02394 -0.02394
