# avg	std	min	max
0.14545 0.00000 0.14545 0.14545
0.10752 0.00000 0.10752 0.10752
-0.11710 0.00000 -0.11710 -0.11710
-0.19099 0.00000 -0.19099 -0.19099
-0.09720 0.00000 -0.09720 -0.09720
-0.05663 0.00000 -0.05663 -0.05663
-0.04539 0.00000 -0.04539 -0.04539
-0.02837 0.00000 -0.02837 -0.02837
-0.08373 0.00000 -0.08373 -0.08373
-0.31415 0.00000 -0.31415 -0.31415
-0.15355 0.00000 -0.15355 -0.15355
-0.00170 0.00000 -0.00170 -0.00170
-0.04358 0.00000 -0.04358 -0.04358
-0.03466 0.00000 -0.03466 -0.03466
-0.67477 0.00000 -0.67477 -0.67477
-0.11946 0.00000 -0.11946 -0.11946
-0.37282 0.00000 -0.37282 -0.37282
-0.05656 0.00000 -0.05656 -0.05656
-0.12592 0.00000 -0.12592 -0.12592
-0.03201 0.00000 -0.03201 -0.03201
