# avg	std	min	max
-0.23398 0.00000 -0.23398 -0.23398
-0.16192 0.00000 -0.16192 -0.16192
-0.07817 0.00000 -0.07817 -0.07817
0.13032 0.00000 0.13032 0.13032
-0.02630 0.00000 -0.02630 -0.02630
0.13181 0.00000 0.13181 0.13181
-0.14442 0.00000 -0.14442 -0.14442
-0.08574 0.00000 -0.08574 -0.08574
-0.20149 0.00000 -0.20149 -0.20149
-0.02403 0.00000 -0.02403 -0.02403
-0.08651 0.00000 -0.08651 -0.08651
0.00068 0.00000 0.00068 0.00068
0.00806 0.00000 0.00806 0.00806
0.10484 0.00000 0.10484 0.10484
-0.01641 0.00000 -0.01641 -0.01641
-0.09896 0.00000 -0.09896 -0.09896
-0.09492 0.00000 -0.09492 -0.09492
0.08682 0.00000 0.08682 0.08682
0.13398 0.00000 0.13398 0.13398
0.12365 0.00000 0.12365 0.12365
