# avg	std	min	max
0.30298 0.00000 0.30298 0.30298
0.01810 0.00000 0.01810 0.01810
0.39314 0.00000 0.39314 0.39314
-0.34903 0.00000 -0.34903 -0.34903
-0.02699 0.00000 -0.02699 -0.02699
-0.61446 0.00000 -0.61446 -0.61446
0.62325 0.00000 0.62325 0.62325
1.42139 0.00000 1.42139 1.42139
0.31745 0.00000 0.31745 0.31745
0.21358 0.00000 0.21358 0.21358
0.18082 0.00000 0.18082 0.18082
-0.00055 0.00000 -0.00055 -0.00055
0.62559 0.00000 0.62559 0.62559
0.65810 0.00000 0.65810 0.65810
1.19632 0.00000 1.19632 1.19632
0.18509 0.00000 0.18509 0.18509
0.42987 0.00000 0.42987 0.42987
1.68917 0.00000 1.68917 1.68917
1.42768 0.00000 1.42768 1.42768
2.02229 0.00000 2.02229 2.02229
