# avg	std	min	max
0.00000 0.00000 0.00000 0.00000
0.00000 0.00000 0.00000 0.00000
-0.00010 0.00000 -0.00010 -0.00010
0.00526 0.00000 0.00526 0.00526
0.00001 0.00000 0.00001 0.00001
-0.00721 0.00000 -0.00721 -0.00721
-0.00014 0.00000 -0.00014 -0.00014
-0.00007 0.00000 -0.00007 -0.00007
0.00000 0.00000 0.00000 0.00000
-0.00013 0.00000 -0.00013 -0.00013
-0.00040 0.00000 -0.00040 -0.00040
0.00000 0.00000 0.00000 0.00000
-0.00091 0.00000 -0.00091 -0.00091
0.00707 0.00000 0.00707 0.00707
0.00684 0.00000 0.00684 0.00684
-0.00054 0.00000 -0.00054 -0.00054
-0.00120 0.00000 -0.00120 -0.00120
0.00274 0.00000 0.00274 0.00274
0.01331 0.00000 0.01331 0.01331
0.00048 0.00000 0.00048 0.00048
