# avg	std	min	max
0.00443 0.00000 0.00443 0.00443
0.00185 0.00000 0.00185 0.00185
-0.00728 0.00000 -0.00728 -0.00728
-0.00990 0.00000 -0.00990 -0.00990
-0.00583 0.00000 -0.00583 -0.00583
-0.00421 0.00000 -0.00421 -0.00421
-0.00659 0.00000 -0.00659 -0.00659
-0.00088 0.00000 -0.00088 -0.00088
-0.00018 0.00000 -0.00018 -0.00018
0.02538 0.00000 0.02538 0.02538
0.00240 0.00000 0.00240 0.00240
-0.00001 0.00000 -0.00001 -0.00001
-0.00424 0.00000 -0.00424 -0.00424
-0.00062 0.00000 -0.00062 -0.00062
-0.00110 0.00000 -0.00110 -0.00110
-0.12205 0.00000 -0.12205 -0.12205
-0.09106 0.00000 -0.09106 -0.09106
0.04635 0.00000 0.04635 0.04635
0.07931 0.00000 0.07931 0.07931
-0.01196 0.00000 -0.01196 -0.01196
