# avg	std	min	max
-0.01017 0.00000 -0.01017 -0.01017
0.00057 0.00000 0.00057 0.00057
0.05628 0.00000 0.05628 0.05628
0.02189 0.00000 0.02189 0.02189
0.03287 0.00000 0.03287 0.03287
0.01265 0.00000 0.01265 0.01265
0.05550 0.00000 0.05550 0.05550
-0.00039 0.00000 -0.00039 -0.00039
0.00013 0.00000 0.00013 0.00013
0.00021 0.00000 0.00021 0.00021
0.01107 0.00000 0.01107 0.01107
-0.00005 0.00000 -0.00005 -0.00005
0.04494 0.00000 0.04494 0.04494
-0.01148 0.00000 -0.01148 -0.01148
0.02143 0.00000 0.02143 0.02143
0.00000 0.00000 0.00000 0.00000
0.00022 0.00000 0.00022 0.00022
0.04422 0.00000 0.04422 0.04422
0.02272 0.00000 0.02272 0.02272
0.02246 0.00000 0.02246 0.02246
