# avg	std	min	max
0.00151 0.00000 0.00151 0.00151
0.00189 0.00000 0.00189 0.00189
0.00189 0.00000 0.00189 0.00189
0.00190 0.00000 0.00190 0.00190
0.00189 0.00000 0.00189 0.00189
0.00189 0.00000 0.00189 0.00189
0.00553 0.00000 0.00553 0.00553
0.00147 0.00000 0.00147 0.00147
0.00189 0.00000 0.00189 0.00189
0.00189 0.00000 0.00189 0.00189
0.00189 0.00000 0.00189 0.00189
0.00189 0.00000 0.00189 0.00189
0.00213 0.00000 0.00213 0.00213
0.00189 0.00000 0.00189 0.00189
0.00189 0.00000 0.00189 0.00189
0.00189 0.00000 0.00189 0.00189
-0.00002 0.00000 -0.00002 -0.00002
0.04711 0.00000 0.04711 0.04711
0.02332 0.00000 0.02332 0.02332
0.03351 0.00000 0.03351 0.03351
