# avg	std	min	max
0.00000 0.00000 0.00000 0.00000
0.24652 0.00000 0.24652 0.24652
0.37300 0.00000 0.37300 0.37300
0.30526 0.00000 0.30526 0.30526
0.33956 0.00000 0.33956 0.33956
0.35428 0.00000 0.35428 0.35428
0.29511 0.00000 0.29511 0.29511
0.43556 0.00000 0.43556 0.43556
1.22719 0.00000 1.22719 1.22719
0.19395 0.00000 0.19395 0.19395
0.38242 0.00000 0.38242 0.38242
0.24102 0.00000 0.24102 0.24102
0.28892 0.00000 0.28892 0.28892
0.31667 0.00000 0.31667 0.31667
0.31163 0.00000 0.31163 0.31163
0.14770 0.00000 0.14770 0.14770
0.26865 0.00000 0.26865 0.26865
0.39614 0.00000 0.39614 0.39614
0.40569 0.00000 0.40569 0.40569
0.29550 0.00000 0.29550 0.29550
