# avg	std	min	max
0.00001 0.00000 0.00001 0.00001
-0.00001 0.00000 -0.00001 -0.00001
0.00000 0.00000 0.00000 0.00000
-0.00000 0.00000 -0.00000 -0.00000
-0.00002 0.00000 -0.00002 -0.00002
0.00000 0.00000 0.00000 0.00000
0.00039 0.00000 0.00039 0.00039
-0.00022 0.00000 -0.00022 -0.00022
-0.00021 0.00000 -0.00021 -0.00021
-0.00002 0.00000 -0.00002 -0.00002
0.00029 0.00000 0.00029 0.00029
-0.00001 0.00000 -0.00001 -0.00001
0.00007 0.00000 0.00007 0.00007
0.00052 0.00000 0.00052 0.00052
0.00000 0.00000 0.00000 0.00000
0.00189 0.00000 0.00189 0.00189
0.00942 0.00000 0.00942 0.00942
0.01518 0.00000 0.01518 0.01518
0.03020 0.00000 0.03020 0.03020
0.00000 0.00000 0.00000 0.00000
