# avg	std	min	max
0.00000 0.00000 0.00000 0.00000
0.00000 0.00000 0.00000 0.00000
0.00288 0.00000 0.00288 0.00288
0.00000 0.00000 0.00000 0.00000
-0.00311 0.00000 -0.00311 -0.00311
-0.01748 0.00000 -0.01748 -0.01748
0.00805 0.00000 0.00805 0.00805
0.09460 0.00000 0.09460 0.09460
0.00301 0.00000 0.00301 0.00301
0.00000 0.00000 0.00000 0.00000
-0.00013 0.00000 -0.00013 -0.00013
0.00000 0.00000 0.00000 0.00000
0.00792 0.00000 0.00792 0.00792
0.00000 0.00000 0.00000 0.00000
-0.00001 0.00000 -0.00001 -0.00001
-0.00873 0.00000 -0.00873 -0.00873
-0.02753 0.00000 -0.02753 -0.02753
0.04928 0.00000 0.04928 0.04928
0.01041 0.00000 0.01041 0.01041
0.00000 0.00000 0.00000 0.00000
