# avg	std	min	max
0.02700 0.00000 0.02700 0.02700
0.00570 0.00000 0.00570 0.00570
0.00502 0.00000 0.00502 0.00502
0.00056 0.00000 0.00056 0.00056
0.00157 0.00000 0.00157 0.00157
-0.00000 0.00000 -0.00000 -0.00000
-0.06961 0.00000 -0.06961 -0.06961
-0.00231 0.00000 -0.00231 -0.00231
0.04126 0.00000 0.04126 0.04126
0.06818 0.00000 0.06818 0.06818
0.01463 0.00000 0.01463 0.01463
-0.02703 0.00000 -0.02703 -0.02703
0.01439 0.00000 0.01439 0.01439
-0.00035 0.00000 -0.00035 -0.00035
-0.03682 0.00000 -0.03682 -0.03682
0.21846 0.00000 0.21846 0.21846
0.18884 0.00000 0.18884 0.18884
-0.08151 0.00000 -0.08151 -0.08151
-0.15570 0.00000 -0.15570 -0.15570
-0.00734 0.00000 -0.00734 -0.00734
