# avg	std	min	max
-0.00300 0.00000 -0.00300 -0.00300
-0.03433 0.00000 -0.03433 -0.03433
0.02244 0.00000 0.02244 0.02244
-0.07078 0.00000 -0.07078 -0.07078
-0.05326 0.00000 -0.05326 -0.05326
0.06751 0.00000 0.06751 0.06751
-0.06612 0.00000 -0.06612 -0.06612
-0.04348 0.00000 -0.04348 -0.04348
0.00106 0.00000 0.00106 0.00106
0.26859 0.00000 0.26859 0.26859
0.26670 0.00000 0.26670 0.26670
-0.05375 0.00000 -0.05375 -0.05375
-0.25579 0.00000 -0.25579 -0.25579
0.00484 0.00000 0.00484 0.00484
0.17506 0.00000 0.17506 0.17506
-0.09586 0.00000 -0.09586 -0.09586
0.08894 0.00000 0.08894 0.08894
0.01863 0.00000 0.01863 0.01863
0.02227 0.00000 0.02227 0.02227
-0.02375 0.00000 -0.02375 -0.02375
