# avg	std	min	max
-0.00011 0.00000 -0.00011 -0.00011
-0.00005 0.00000 -0.00005 -0.00005
-0.00005 0.00000 -0.00005 -0.00005
-0.00005 0.00000 -0.00005 -0.00005
-0.00114 0.00000 -0.00114 -0.00114
-0.00447 0.00000 -0.00447 -0.00447
-0.00558 0.00000 -0.00558 -0.00558
-0.00448 0.00000 -0.00448 -0.00448
0.00000 0.00000 0.00000 0.00000
-0.00005 0.00000 -0.00005 -0.00005
-0.00005 0.00000 -0.00005 -0.00005
-0.00005 0.00000 -0.00005 -0.00005
-0.00558 0.00000 -0.00558 -0.00558
0.00014 0.00000 0.00014 0.00014
-0.00115 0.00000 -0.00115 -0.00115
-0.00089 0.00000 -0.00089 -0.00089
-0.00381 0.00000 -0.00381 -0.00381
0.00335 0.00000 0.00335 0.00335
0.00460 0.00000 0.00460 0.00460
-0.00006 0.00000 -0.00006 -0.00006
