# avg	std	min	max
-0.02399 0.00000 -0.02399 -0.02399
0.04519 0.00000 0.04519 0.04519
0.00679 0.00000 0.00679 0.00679
-0.08804 0.00000 -0.08804 -0.08804
0.21804 0.00000 0.21804 0.21804
-0.00016 0.00000 -0.00016 -0.00016
0.23513 0.00000 0.23513 0.23513
0.09200 0.00000 0.09200 0.09200
0.04037 0.00000 0.04037 0.04037
-0.00411 0.00000 -0.00411 -0.00411
0.07513 0.00000 0.07513 0.07513
0.18310 0.00000 0.18310 0.18310
0.17930 0.00000 0.17930 0.17930
-0.06956 0.00000 -0.06956 -0.06956
-0.00762 0.00000 -0.00762 -0.00762
-0.08538 0.00000 -0.08538 -0.08538
-0.15654 0.00000 -0.15654 -0.15654
0.11331 0.00000 0.11331 0.11331
0.00043 0.00000 0.00043 0.00043
-0.03491 0.00000 -0.03491 -0.03491
