# avg	std	min	max
-0.03175 0.00000 -0.03175 -0.03175
-0.03176 0.00000 -0.03176 -0.03176
-0.03176 0.00000 -0.03176 -0.03176
-0.03176 0.00000 -0.03176 -0.03176
-0.03176 0.00000 -0.03176 -0.03176
-0.03176 0.00000 -0.03176 -0.03176
-0.03176 0.00000 -0.03176 -0.03176
-0.03176 0.00000 -0.03176 -0.03176
-0.03176 0.00000 -0.03176 -0.03176
-0.03176 0.00000 -0.03176 -0.03176
-0.03176 0.00000 -0.03176 -0.03176
-0.03176 0.00000 -0.03176 -0.03176
-0.03176 0.00000 -0.03176 -0.03176
-0.03176 0.00000 -0.03176 -0.03176
-0.03190 0.00000 -0.03190 -0.03190
-0.00732 0.00000 -0.00732 -0.00732
-0.01977 0.00000 -0.01977 -0.01977
-0.03564 0.00000 -0.03564 -0.03564
0.00000 0.00000 0.00000 0.00000
-0.03176 0.00000 -0.03176 -0.03176
