# avg	std	min	max
0.07586 0.00000 0.07586 0.07586
0.08044 0.00000 0.08044 0.08044
0.07539 0.00000 0.07539 0.07539
0.07356 0.00000 0.07356 0.07356
0.08732 0.00000 0.08732 0.08732
0.08299 0.00000 0.08299 0.08299
0.07909 0.00000 0.07909 0.07909
0.07403 0.00000 0.07403 0.07403
0.07935 0.00000 0.07935 0.07935
0.08208 0.00000 0.08208 0.08208
0.07752 0.00000 0.07752 0.07752
0.08045 0.00000 0.08045 0.08045
0.08058 0.00000 0.08058 0.08058
0.07601 0.00000 0.07601 0.07601
0.03571 0.00000 0.03571 0.03571
0.08569 0.00000 0.08569 0.08569
0.05858 0.00000 0.05858 0.05858
0.04201 0.00000 0.04201 0.04201
0.00000 0.00000 0.00000 0.00000
0.08571 0.00000 0.08571 0.08571
