# avg	std	min	max
-0.00786 0.00000 -0.00786 -0.00786
-0.00772 0.00000 -0.00772 -0.00772
-0.01223 0.00000 -0.01223 -0.01223
-0.00752 0.00000 -0.00752 -0.00752
-0.00992 0.00000 -0.00992 -0.00992
-0.00723 0.00000 -0.00723 -0.00723
-0.00742 0.00000 -0.00742 -0.00742
-0.00696 0.00000 -0.00696 -0.00696
-0.01137 0.00000 -0.01137 -0.01137
-0.00719 0.00000 -0.00719 -0.00719
-0.00897 0.00000 -0.00897 -0.00897
-0.00733 0.00000 -0.00733 -0.00733
-0.00766 0.00000 -0.00766 -0.00766
-0.00737 0.00000 -0.00737 -0.00737
-0.00744 0.00000 -0.00744 -0.00744
-0.03877 0.00000 -0.03877 -0.03877
-0.03957 0.00000 -0.03957 -0.03957
-0.00119 0.00000 -0.00119 -0.00119
0.00003 0.00000 0.00003 0.00003
-0.00734 0.00000 -0.00734 -0.00734
