# avg	std	min	max
-0.06539 0.00000 -0.06539 -0.06539
-0.07167 0.00000 -0.07167 -0.07167
-0.07978 0.00000 -0.07978 -0.07978
-0.07056 0.00000 -0.07056 -0.07056
-0.07538 0.00000 -0.07538 -0.07538
-0.06909 0.00000 -0.06909 -0.06909
-0.07104 0.00000 -0.07104 -0.07104
-0.07083 0.00000 -0.07083 -0.07083
-0.07784 0.00000 -0.07784 -0.07784
-0.07080 0.00000 -0.07080 -0.07080
-0.07605 0.00000 -0.07605 -0.07605
-0.06739 0.00000 -0.06739 -0.06739
-0.07916 0.00000 -0.07916 -0.07916
-0.07767 0.00000 -0.07767 -0.07767
-0.06600 0.00000 -0.06600 -0.06600
-0.06585 0.00000 -0.06585 -0.06585
-0.08190 0.00000 -0.08190 -0.08190
-0.02903 0.00000 -0.02903 -0.02903
-0.00001 0.00000 -0.00001 -0.00001
-0.06548 0.00000 -0.06548 -0.06548
