# avg	std	min	max
0.00000 0.00000 0.00000 0.00000
-0.00016 0.00000 -0.00016 -0.00016
0.02499 0.00000 0.02499 0.02499
-0.00010 0.00000 -0.00010 -0.00010
0.02232 0.00000 0.02232 0.02232
0.02547 0.00000 0.02547 0.02547
-0.00435 0.00000 -0.00435 -0.00435
-0.01007 0.00000 -0.01007 -0.01007
-0.00850 0.00000 -0.00850 -0.00850
0.00000 0.00000 0.00000 0.00000
0.01668 0.00000 0.01668 0.01668
0.00024 0.00000 0.00024 0.00024
-0.01145 0.00000 -0.01145 -0.01145
-0.00018 0.00000 -0.00018 -0.00018
0.00000 0.00000 0.00000 0.00000
-0.00958 0.00000 -0.00958 -0.00958
-0.02002 0.00000 -0.02002 -0.02002
0.02407 0.00000 0.02407 0.02407
0.07841 0.00000 0.07841 0.07841
-0.00669 0.00000 -0.00669 -0.00669
