# avg	std	min	max
-0.00074 0.00000 -0.00074 -0.00074
0.00000 0.00000 0.00000 0.00000
0.00000 0.00000 0.00000 0.00000
0.00000 0.00000 0.00000 0.00000
0.00000 0.00000 0.00000 0.00000
0.00000 0.00000 0.00000 0.00000
0.00000 0.00000 0.00000 0.00000
-0.00861 0.00000 -0.00861 -0.00861
0.00077 0.00000 0.00077 0.00077
0.00000 0.00000 0.00000 0.00000
0.00000 0.00000 0.00000 0.00000
0.00000 0.00000 0.00000 0.00000
0.00000 0.00000 0.00000 0.00000
0.00000 0.00000 0.00000 0.00000
-0.00029 0.00000 -0.00029 -0.00029
-0.15320 0.00000 -0.15320 -0.15320
-0.25479 0.00000 -0.25479 -0.25479
0.08246 0.00000 0.08246 0.08246
0.14164 0.00000 0.14164 0.14164
0.00000 0.00000 0.00000 0.00000
