# avg	std	min	max
-0.01843 0.00000 -0.01843 -0.01843
0.00054 0.00000 0.00054 0.00054
-0.00001 0.00000 -0.00001 -0.00001
-0.00164 0.00000 -0.00164 -0.00164
-0.00045 0.00000 -0.00045 -0.00045
0.10064 0.00000 0.10064 0.10064
0.31194 0.00000 0.31194 0.31194
0.06326 0.00000 0.06326 0.06326
-0.00170 0.00000 -0.00170 -0.00170
0.00057 0.00000 0.00057 0.00057
-0.00128 0.00000 -0.00128 -0.00128
0.00039 0.00000 0.00039 0.00039
-0.06065 0.00000 -0.06065 -0.06065
-0.00198 0.00000 -0.00198 -0.00198
0.06254 0.00000 0.06254 0.06254
-0.13424 0.00000 -0.13424 -0.13424
-0.03687 0.00000 -0.03687 -0.03687
0.26224 0.00000 0.26224 0.26224
0.30908 0.00000 0.30908 0.30908
0.05987 0.00000 0.05987 0.05987
