# avg	std	min	max
0.00000 0.00000 0.00000 0.00000
0.00000 0.00000 0.00000 0.00000
0.00000 0.00000 0.00000 0.00000
0.00000 0.00000 0.00000 0.00000
0.00000 0.00000 0.00000 0.00000
0.00000 0.00000 0.00000 0.00000
0.00000 0.00000 0.00000 0.00000
-0.00038 0.00000 -0.00038 -0.00038
0.00000 0.00000 0.00000 0.00000
0.00000 0.00000 0.00000 0.00000
0.00000 0.00000 0.00000 0.00000
0.00000 0.00000 0.00000 0.00000
-0.00105 0.00000 -0.00105 -0.00105
0.00000 0.00000 0.00000 0.00000
0.00000 0.00000 0.00000 0.00000
0.01041 0.00000 0.01041 0.01041
-0.00508 0.00000 -0.00508 -0.00508
-0.00087 0.00000 -0.00087 -0.00087
0.00000 0.00000 0.00000 0.00000
0.00000 0.00000 0.00000 0.00000
