# avg	std	min	max
0.00000 0.00000 0.00000 0.00000
0.00000 0.00000 0.00000 0.00000
0.00000 0.00000 0.00000 0.00000
0.00000 0.00000 0.00000 0.00000
0.00000 0.00000 0.00000 0.00000
0.00000 0.00000 0.00000 0.00000
-0.00001 0.00000 -0.00001 -0.00001
-0.00001 0.00000 -0.00001 -0.00001
0.00000 0.00000 0.00000 0.00000
0.00000 0.00000 0.00000 0.00000
0.00000 0.00000 0.00000 0.00000
0.00000 0.00000 0.00000 0.00000
0.00004 0.00000 0.00004 0.00004
0.00000 0.00000 0.00000 0.00000
-0.00001 0.00000 -0.00001 -0.00001
-0.00116 0.00000 -0.00116 -0.00116
-0.00108 0.00000 -0.00108 -0.00108
0.00164 0.00000 0.00164 0.00164
0.01920 0.00000 0.01920 0.01920
0.00000 0.00000 0.00000 0.00000
