# avg	std	min	max
0.00000 0.00000 0.00000 0.00000
0.00000 0.00000 0.00000 0.00000
0.00000 0.00000 0.00000 0.00000
-0.00000 0.00000 -0.00000 -0.00000
0.00000 0.00000 0.00000 0.00000
0.00747 0.00000 0.00747 0.00747
0.00318 0.00000 0.00318 0.00318
0.02082 0.00000 0.02082 0.02082
-0.00014 0.00000 -0.00014 -0.00014
0.00000 0.00000 0.00000 0.00000
0.00000 0.00000 0.00000 0.00000
0.00000 0.00000 0.00000 0.00000
0.04134 0.00000 0.04134 0.04134
0.00000 0.00000 0.00000 0.00000
0.00003 0.00000 0.00003 0.00003
-0.00841 0.00000 -0.00841 -0.00841
-0.03814 0.00000 -0.03814 -0.03814
0.00823 0.00000 0.00823 0.00823
0.03573 0.00000 0.03573 0.03573
0.00000 0.00000 0.00000 0.00000
