# avg	std	min	max
-0.01109 0.00000 -0.01109 -0.01109
-0.00001 0.00000 -0.00001 -0.00001
-0.03314 0.00000 -0.03314 -0.03314
0.00033 0.00000 0.00033 0.00033
-0.00031 0.00000 -0.00031 -0.00031
0.00000 0.00000 0.00000 0.00000
-0.00038 0.00000 -0.00038 -0.00038
0.00000 0.00000 0.00000 0.00000
0.00009 0.00000 0.00009 0.00009
-0.01071 0.00000 -0.01071 -0.01071
-0.00038 0.00000 -0.00038 -0.00038
-0.00001 0.00000 -0.00001 -0.00001
0.00000 0.00000 0.00000 0.00000
0.00025 0.00000 0.00025 0.00025
-0.01121 0.00000 -0.01121 -0.01121
0.00534 0.00000 0.00534 0.00534
-0.00557 0.00000 -0.00557 -0.00557
0.02791 0.00000 0.02791 0.02791
-0.00044 0.00000 -0.00044 -0.00044
-0.00010 0.00000 -0.00010 -0.00010
