# avg	std	min	max
0.04305 0.00000 0.04305 0.04305
0.06941 0.00000 0.06941 0.06941
0.07014 0.00000 0.07014 0.07014
0.06967 0.00000 0.06967 0.06967
0.06935 0.00000 0.06935 0.06935
0.04404 0.00000 0.04404 0.04404
0.06955 0.00000 0.06955 0.06955
0.04272 0.00000 0.04272 0.04272
0.05641 0.00000 0.05641 0.05641
0.05690 0.00000 0.05690 0.05690
0.06952 0.00000 0.06952 0.06952
0.06939 0.00000 0.06939 0.06939
0.06856 0.00000 0.06856 0.06856
0.06963 0.00000 0.06963 0.06963
0.04272 0.00000 0.04272 0.04272
-0.00269 0.00000 -0.00269 -0.00269
0.02697 0.00000 0.02697 0.02697
0.06990 0.00000 0.06990 0.06990
0.05563 0.00000 0.05563 0.05563
0.06986 0.00000 0.06986 0.06986
