# avg	std	min	max
0.34058 0.00000 0.34058 0.34058
0.39116 0.00000 0.39116 0.39116
0.29701 0.00000 0.29701 0.29701
0.29903 0.00000 0.29903 0.29903
0.11825 0.00000 0.11825 0.11825
0.41711 0.00000 0.41711 0.41711
0.20682 0.00000 0.20682 0.20682
0.26385 0.00000 0.26385 0.26385
0.30128 0.00000 0.30128 0.30128
0.30962 0.00000 0.30962 0.30962
0.15847 0.00000 0.15847 0.15847
0.29465 0.00000 0.29465 0.29465
0.20679 0.00000 0.20679 0.20679
0.22714 0.00000 0.22714 0.22714
0.36020 0.00000 0.36020 0.36020
0.01048 0.00000 0.01048 0.01048
0.00163 0.00000 0.00163 0.00163
0.32523 0.00000 0.32523 0.32523
0.32214 0.00000 0.32214 0.32214
0.27624 0.00000 0.27624 0.27624
