# avg	std	min	max
0.00000 0.00000 0.00000 0.00000
0.00000 0.00000 0.00000 0.00000
0.00000 0.00000 0.00000 0.00000
0.00000 0.00000 0.00000 0.00000
0.00765 0.00000 0.00765 0.00765
0.00278 0.00000 0.00278 0.00278
0.01119 0.00000 0.01119 0.01119
-0.00692 0.00000 -0.00692 -0.00692
0.00000 0.00000 0.00000 0.00000
0.00000 0.00000 0.00000 0.00000
0.00750 0.00000 0.00750 0.00750
0.00000 0.00000 0.00000 0.00000
0.00770 0.00000 0.00770 0.00770
-0.00537 0.00000 -0.00537 -0.00537
-0.00354 0.00000 -0.00354 -0.00354
-0.02804 0.00000 -0.02804 -0.02804
-0.03169 0.00000 -0.03169 -0.03169
0.01712 0.00000 0.01712 0.01712
0.03878 0.00000 0.03878 0.03878
0.00061 0.00000 0.00061 0.00061
