# avg	std	min	max
0.02404 0.00000 0.02404 0.02404
0.02404 0.00000 0.02404 0.02404
0.02401 0.00000 0.02401 0.02401
0.02400 0.00000 0.02400 0.02400
0.02407 0.00000 0.02407 0.02407
0.02407 0.00000 0.02407 0.02407
0.00737 0.00000 0.00737 0.00737
0.01019 0.00000 0.01019 0.01019
0.02400 0.00000 0.02400 0.02400
0.02407 0.00000 0.02407 0.02407
0.02397 0.00000 0.02397 0.02397
0.02401 0.00000 0.02401 0.02401
0.01543 0.00000 0.01543 0.01543
0.02406 0.00000 0.02406 0.02406
0.02135 0.00000 0.02135 0.02135
0.01441 0.00000 0.01441 0.01441
-0.00121 0.00000 -0.00121 -0.00121
0.02402 0.00000 0.02402 0.02402
0.02392 0.00000 0.02392 0.02392
-0.00015 0.00000 -0.00015 -0.00015
