# avg	std	min	max
0.00000 0.00000 0.00000 0.00000
0.00000 0.00000 0.00000 0.00000
0.00000 0.00000 0.00000 0.00000
0.00000 0.00000 0.00000 0.00000
0.00000 0.00000 0.00000 0.00000
0.00000 0.00000 0.00000 0.00000
-0.00795 0.00000 -0.00795 -0.00795
0.01775 0.00000 0.01775 0.01775
0.00000 0.00000 0.00000 0.00000
0.00000 0.00000 0.00000 0.00000
0.00000 0.00000 0.00000 0.00000
0.00000 0.00000 0.00000 0.00000
-0.02399 0.00000 -0.02399 -0.02399
0.00000 0.00000 0.00000 0.00000
0.00287 0.00000 0.00287 0.00287
-0.04560 0.00000 -0.04560 -0.04560
-0.03887 0.00000 -0.03887 -0.03887
0.02694 0.00000 0.02694 0.02694
0.03944 0.00000 0.03944 0.03944
-0.00524 0.00000 -0.00524 -0.00524
