# avg	std	min	max
0.00000 0.00000 0.00000 0.00000
0.00000 0.00000 0.00000 0.00000
0.00000 0.00000 0.00000 0.00000
0.00000 0.00000 0.00000 0.00000
0.00000 0.00000 0.00000 0.00000
0.00000 0.00000 0.00000 0.00000
-0.05777 0.00000 -0.05777 -0.05777
-0.00351 0.00000 -0.00351 -0.00351
-0.00228 0.00000 -0.00228 -0.00228
-0.00001 0.00000 -0.00001 -0.00001
0.00000 0.00000 0.00000 0.00000
0.00000 0.00000 0.00000 0.00000
0.00000 0.00000 0.00000 0.00000
0.00000 0.00000 0.00000 0.00000
0.00000 0.00000 0.00000 0.00000
-0.04296 0.00000 -0.04296 -0.04296
-0.03584 0.00000 -0.03584 -0.03584
0.03975 0.00000 0.03975 0.03975
0.05618 0.00000 0.05618 0.05618
0.00000 0.00000 0.00000 0.00000
