# avg	std	min	max
0.12540 0.00000 0.12540 0.12540
0.07148 0.00000 0.07148 0.07148
0.03517 0.00000 0.03517 0.03517
-0.00067 0.00000 -0.00067 -0.00067
0.00486 0.00000 0.00486 0.00486
0.06072 0.00000 0.06072 0.06072
0.06580 0.00000 0.06580 0.06580
0.09950 0.00000 0.09950 0.09950
0.05948 0.00000 0.05948 0.05948
-0.03164 0.00000 -0.03164 -0.03164
0.44995 0.00000 0.44995 0.44995
0.05885 0.00000 0.05885 0.05885
0.06358 0.00000 0.06358 0.06358
0.06399 0.00000 0.06399 0.06399
-0.03396 0.00000 -0.03396 -0.03396
0.03582 0.00000 0.03582 0.03582
0.05251 0.00000 0.05251 0.05251
0.06036 0.00000 0.06036 0.06036
0.08511 0.00000 0.08511 0.08511
0.08540 0.00000 0.08540 0.08540
