# avg	std	min	max
0.00016 0.00000 0.00016 0.00016
0.00023 0.00000 0.00023 0.00023
-0.00021 0.00000 -0.00021 -0.00021
0.00000 0.00000 0.00000 0.00000
0.00000 0.00000 0.00000 0.00000
0.00000 0.00000 0.00000 0.00000
0.00388 0.00000 0.00388 0.00388
0.00301 0.00000 0.00301 0.00301
0.00000 0.00000 0.00000 0.00000
0.00000 0.00000 0.00000 0.00000
0.00005 0.00000 0.00005 0.00005
0.00000 0.00000 0.00000 0.00000
0.00243 0.00000 0.00243 0.00243
0.00098 0.00000 0.00098 0.00098
-0.00005 0.00000 -0.00005 -0.00005
-0.01515 0.00000 -0.01515 -0.01515
-0.00095 0.00000 -0.00095 -0.00095
0.00000 0.00000 0.00000 0.00000
0.00079 0.00000 0.00079 0.00079
-0.00096 0.00000 -0.00096 -0.00096
