# avg	std	min	max
0.34070 0.00000 0.34070 0.34070
0.11554 0.00000 0.11554 0.11554
-0.00323 0.00000 -0.00323 -0.00323
-0.00586 0.00000 -0.00586 -0.00586
-0.00222 0.00000 -0.00222 -0.00222
0.11577 0.00000 0.11577 0.11577
-0.00401 0.00000 -0.00401 -0.00401
0.02509 0.00000 0.02509 0.02509
0.10314 0.00000 0.10314 0.10314
0.43803 0.00000 0.43803 0.43803
-0.00376 0.00000 -0.00376 -0.00376
0.22300 0.00000 0.22300 0.22300
0.00865 0.00000 0.00865 0.00865
0.00032 0.00000 0.00032 0.00032
0.23924 0.00000 0.23924 0.23924
-0.01444 0.00000 -0.01444 -0.01444
0.33425 0.00000 0.33425 0.33425
0.00431 0.00000 0.00431 0.00431
0.01363 0.00000 0.01363 0.01363
-0.00063 0.00000 -0.00063 -0.00063
