# avg	std	min	max
0.55987 0.00000 0.55987 0.55987
0.55893 0.00000 0.55893 0.55893
-0.01227 0.00000 -0.01227 -0.01227
-0.06237 0.00000 -0.06237 -0.06237
-0.01004 0.00000 -0.01004 -0.01004
-0.17652 0.00000 -0.17652 -0.17652
-0.15016 0.00000 -0.15016 -0.15016
-0.17707 0.00000 -0.17707 -0.17707
0.00000 0.00000 0.00000 0.00000
0.55775 0.00000 0.55775 0.55775
0.46494 0.00000 0.46494 0.46494
0.44714 0.00000 0.44714 0.44714
-0.25961 0.00000 -0.25961 -0.25961
-0.01836 0.00000 -0.01836 -0.01836
0.00000 0.00000 0.00000 0.00000
-0.16118 0.00000 -0.16118 -0.16118
-0.08793 0.00000 -0.08793 -0.08793
0.03102 0.00000 0.03102 0.03102
0.06570 0.00000 0.06570 0.06570
-0.07625 0.00000 -0.07625 -0.07625
