# avg	std	min	max
3.84505 0.00000 3.84505 3.84505
3.39744 0.00000 3.39744 3.39744
3.27143 0.00000 3.27143 3.27143
2.94469 0.00000 2.94469 2.94469
3.29417 0.00000 3.29417 3.29417
2.61467 0.00000 2.61467 2.61467
3.41396 0.00000 3.41396 3.41396
2.99817 0.00000 2.99817 2.99817
3.35312 0.00000 3.35312 3.35312
3.59022 0.00000 3.59022 3.59022
3.61322 0.00000 3.61322 3.61322
4.01944 0.00000 4.01944 4.01944
3.50669 0.00000 3.50669 3.50669
3.49399 0.00000 3.49399 3.49399
3.54476 0.00000 3.54476 3.54476
3.19343 0.00000 3.19343 3.19343
3.02696 0.00000 3.02696 3.02696
4.09443 0.00000 4.09443 4.09443
0.01600 0.00000 0.01600 0.01600
3.29138 0.00000 3.29138 3.29138
