# avg	std	min	max
0.00764 0.00000 0.00764 0.00764
0.00657 0.00000 0.00657 0.00657
-0.00430 0.00000 -0.00430 -0.00430
0.03500 0.00000 0.03500 0.03500
0.01788 0.00000 0.01788 0.01788
0.03252 0.00000 0.03252 0.03252
-0.00656 0.00000 -0.00656 -0.00656
0.02534 0.00000 0.02534 0.02534
-0.04754 0.00000 -0.04754 -0.04754
0.00000 0.00000 0.00000 0.00000
0.00622 0.00000 0.00622 0.00622
-0.00320 0.00000 -0.00320 -0.00320
-0.02479 0.00000 -0.02479 -0.02479
-0.00326 0.00000 -0.00326 -0.00326
0.00807 0.00000 0.00807 0.00807
0.00064 0.00000 0.00064 0.00064
-0.03401 0.00000 -0.03401 -0.03401
0.04395 0.00000 0.04395 0.04395
0.04221 0.00000 0.04221 0.04221
0.00000 0.00000 0.00000 0.00000
