# avg	std	min	max
1.02102 0.00079 1.02024 1.02221
0.00000 0.00000 0.00000 0.00000
-0.80061 0.02317 -0.82881 -0.76115
0.12974 0.31071 -0.28229 0.41994
-0.29255 0.27946 -0.64952 -0.04507
-0.83838 0.07124 -0.93869 -0.74349
0.43955 0.16046 0.31843 0.73469
4.43382 0.14643 4.18690 4.60433
5.92691 0.13305 5.66600 6.02105
0.22532 0.02504 0.17709 0.24619
0.28068 0.02849 0.24936 0.31657
-0.72484 0.00045 -0.72549 -0.72407
1.26366 0.24865 1.00968 1.70044
-0.60348 0.00552 -0.60718 -0.59258
0.52649 0.01243 0.50946 0.54086
2.08856 0.05195 2.02419 2.14424
0.63818 0.05375 0.58318 0.72965
-0.17213 0.23682 -0.35487 0.28375
0.36067 0.06743 0.24248 0.43252
1.33581 0.15049 1.17550 1.60180
