# avg	std	min	max
0.00000 0.00000 0.00000 0.00000
0.00000 0.00000 0.00000 0.00000
0.00000 0.00000 0.00000 0.00000
0.00000 0.00000 0.00000 0.00000
0.00000 0.00000 0.00000 0.00000
0.00000 0.00000 0.00000 0.00000
0.00000 0.00000 0.00000 0.00000
0.00056 0.00310 -0.00266 0.00644
0.00000 0.00000 0.00000 0.00000
0.00000 0.00000 0.00000 0.00000
0.00000 0.00000 0.00000 0.00000
0.00000 0.00000 0.00000 0.00000
-0.00031 0.00386 -0.00377 0.00696
0.00000 0.00000 0.00000 0.00000
0.00000 0.00000 0.00000 0.00000
-0.02403 0.00016 -0.02431 -0.02387
-0.01764 0.00035 -0.01805 -0.01711
0.01561 0.00353 0.01357 0.02264
0.02863 0.02044 0.00416 0.05361
0.00000 0.00000 0.00000 0.00000
