# avg	std	min	max
-0.13666 0.45659 -1.04973 0.10026
0.08739 0.00872 0.07359 0.09974
0.06350 0.00952 0.04713 0.07405
0.04086 0.00497 0.03266 0.04818
0.06618 0.00765 0.05294 0.07485
0.08080 0.01031 0.06698 0.09472
0.07861 0.01149 0.06198 0.09777
0.05537 0.01012 0.04125 0.07041
0.05694 0.02226 0.01334 0.07604
0.14029 0.09556 0.07337 0.32929
0.06690 0.00859 0.05404 0.07736
0.07614 0.00855 0.06482 0.08798
0.06832 0.01248 0.04703 0.08436
0.06038 0.01284 0.04351 0.07602
0.09568 0.08793 0.03327 0.26978
0.00184 0.00181 -0.00091 0.00354
0.00006 0.00008 0.00000 0.00021
0.07633 0.00978 0.05778 0.08646
0.08366 0.01498 0.06827 0.11021
0.06364 0.01485 0.04376 0.08360
