# avg	std	min	max
0.06169 0.00995 0.04913 0.06988
0.04913 0.00000 0.04913 0.04913
0.04935 0.00035 0.04905 0.04992
0.04913 0.00000 0.04913 0.04913
0.04926 0.00030 0.04905 0.04985
0.04927 0.00029 0.04913 0.04985
0.04933 0.00027 0.04907 0.04970
0.00600 0.03547 -0.02522 0.04961
0.01066 0.07723 -0.14381 0.04971
0.04913 0.00000 0.04913 0.04913
0.04928 0.00031 0.04913 0.04990
0.04913 0.00000 0.04913 0.04913
0.04964 0.00045 0.04910 0.05013
0.04942 0.00035 0.04913 0.04986
0.04935 0.00030 0.04907 0.04978
0.01273 0.00383 0.00799 0.01604
-0.00053 0.00029 -0.00069 0.00005
0.04913 0.00000 0.04912 0.04913
0.04866 0.00033 0.04824 0.04898
0.04926 0.00026 0.04913 0.04979
