# avg	std	min	max
0.18929 0.01593 0.17450 0.21211
0.16629 0.01497 0.15122 0.19012
0.08775 0.01462 0.06803 0.10751
0.06111 0.11085 -0.14009 0.18521
0.05102 0.02186 0.02546 0.09102
0.01893 0.01588 -0.00090 0.04388
0.00220 0.00376 -0.00011 0.00965
0.50284 0.56308 -0.08541 1.53152
0.17541 0.00860 0.15853 0.18223
0.16788 0.02785 0.12658 0.20612
0.10705 0.00662 0.09675 0.11424
0.18309 0.08366 0.12185 0.34872
-0.00241 0.00745 -0.00928 0.00677
-0.11303 0.21386 -0.38960 0.11037
-0.21479 0.11870 -0.40073 -0.02988
-0.11671 0.59347 -0.56266 1.03838
-0.55131 0.15459 -0.65794 -0.24680
0.19159 0.01574 0.17235 0.22009
0.16580 0.11616 -0.02018 0.29296
0.02059 0.10316 -0.17937 0.09707
