# avg	std	min	max
0.00453 0.00486 -0.00520 0.00696
0.00696 0.00001 0.00694 0.00696
0.00695 0.00000 0.00695 0.00696
0.00696 0.00000 0.00696 0.00696
0.00696 0.00000 0.00696 0.00696
0.00696 0.00000 0.00695 0.00696
-0.00116 0.00457 -0.00458 0.00696
0.00259 0.00002 0.00256 0.00262
-0.00231 0.00463 -0.00500 0.00693
0.00696 0.00000 0.00695 0.00696
0.00696 0.00000 0.00696 0.00696
0.00696 0.00000 0.00696 0.00696
0.00168 0.00006 0.00161 0.00178
0.00696 0.00000 0.00695 0.00696
0.00696 0.00000 0.00696 0.00696
-0.00214 0.00000 -0.00215 -0.00214
-0.00713 0.00604 -0.01720 -0.00240
0.00696 0.00000 0.00696 0.00696
0.00695 0.00001 0.00694 0.00696
-0.00764 0.00009 -0.00770 -0.00746
