# avg	std	min	max
-0.01184 0.02433 -0.04001 0.02282
-0.04252 0.00556 -0.04946 -0.03456
-0.03669 0.01944 -0.06009 -0.01328
-0.15480 0.03223 -0.20168 -0.11521
-0.10803 0.01593 -0.13490 -0.09069
-0.24048 0.03094 -0.28527 -0.20528
-0.27806 0.00836 -0.28886 -0.26482
-0.55135 0.01686 -0.56997 -0.52087
-0.03665 0.01928 -0.05365 0.00100
-0.03104 0.01109 -0.04659 -0.01460
-0.03638 0.01419 -0.06003 -0.01848
-0.02845 0.02253 -0.05129 0.01079
-0.26426 0.02438 -0.28375 -0.21614
-0.04451 0.02349 -0.06273 0.00006
-0.04957 0.04000 -0.10602 0.00635
-0.14198 0.01854 -0.16191 -0.10888
-0.13214 0.05384 -0.23978 -0.10390
0.00346 0.01219 -0.00801 0.02696
0.00817 0.00730 -0.00274 0.01801
-0.16550 0.03249 -0.20239 -0.11375
