# avg	std	min	max
0.08116 0.12922 -0.02845 0.27544
0.07230 0.13069 -0.05872 0.24492
-0.05489 0.02581 -0.09598 -0.01488
-0.00755 0.10187 -0.08305 0.19112
0.11572 0.11847 -0.03458 0.26406
-0.06581 0.00603 -0.07785 -0.06210
0.01103 0.23023 -0.41354 0.23062
-0.09715 0.20869 -0.27643 0.24991
0.07999 0.12055 -0.01938 0.26142
0.01690 0.09253 -0.03989 0.20149
-0.17949 0.31027 -0.79896 0.00438
0.05331 0.11848 -0.04785 0.20613
0.09844 0.13614 -0.03592 0.29403
0.07096 0.12752 -0.04034 0.25104
-0.06269 0.01132 -0.07717 -0.04308
-0.14243 0.00626 -0.14692 -0.13003
-0.21099 0.00955 -0.22088 -0.19354
0.00019 0.00000 0.00019 0.00019
0.19178 0.10354 0.06422 0.30495
-0.06607 0.21390 -0.41701 0.18385
