# avg	std	min	max
-0.00033 0.00000 -0.00033 -0.00033
0.00000 0.00000 0.00000 0.00000
0.00000 0.00000 0.00000 0.00000
0.00000 0.00000 0.00000 0.00000
0.00000 0.00000 0.00000 0.00000
0.00000 0.00000 0.00000 0.00000
0.00000 0.00000 0.00000 0.00000
0.00000 0.00000 0.00000 0.00000
0.00000 0.00000 0.00000 0.00000
0.00000 0.00000 0.00000 0.00000
0.00000 0.00000 0.00000 0.00000
0.00000 0.00000 0.00000 0.00000
0.00000 0.00000 0.00000 0.00000
0.00000 0.00000 0.00000 0.00000
0.00000 0.00000 0.00000 0.00000
-0.02074 0.00001 -0.02075 -0.02073
-0.02801 0.00023 -0.02828 -0.02763
0.00479 0.00010 0.00464 0.00493
0.01623 0.00217 0.01216 0.01866
0.00000 0.00000 0.00000 0.00000
