# avg	std	min	max
1.08040 0.00000 1.08040 1.08040
1.00391 0.00000 1.00391 1.00391
0.74357 0.00220 0.74078 0.74594
0.57861 0.00056 0.57784 0.57932
0.76911 0.03702 0.70501 0.80228
0.11862 0.02312 0.10006 0.16061
0.81511 0.00856 0.80795 0.83086
0.83948 0.04192 0.78803 0.90883
1.01596 0.02832 1.00078 1.07260
0.78379 0.01093 0.76404 0.79275
0.63772 0.00599 0.62820 0.64330
1.07214 0.01908 1.06029 1.10953
0.96417 0.02008 0.94337 1.00260
-0.01900 0.01200 -0.02514 0.00500
1.50813 0.12039 1.39446 1.72782
1.28892 0.02317 1.27287 1.33454
1.97188 0.06319 1.90872 2.09264
0.43234 0.09254 0.35442 0.59519
1.56513 0.34920 1.34098 2.26008
1.26779 0.01223 1.24359 1.27536
