# avg	std	min	max
0.35103 0.23898 -0.12693 0.47052
0.64256 0.22868 0.18521 0.75690
0.64967 0.00519 0.64484 0.65854
0.66926 0.07981 0.59820 0.77849
0.32359 0.26593 -0.20813 0.46822
0.52029 0.01820 0.50418 0.55392
0.80559 0.10547 0.72455 0.98765
1.15826 0.17310 0.81281 1.26496
0.45067 0.00549 0.44586 0.46019
0.22537 0.23004 -0.23471 0.34239
0.68704 0.00012 0.68692 0.68726
0.52508 0.11837 0.46570 0.76183
0.77212 0.00263 0.76767 0.77545
-0.10124 0.00510 -0.11140 -0.09800
-0.11035 0.28987 -0.49815 0.13553
1.04947 0.00545 1.04103 1.05594
0.82270 0.24722 0.33079 0.99325
0.77107 0.10184 0.64997 0.90783
0.00076 0.00152 0.00000 0.00380
-0.01770 0.24102 -0.49973 0.10479
