# avg	std	min	max
-0.03116 0.00046 -0.03191 -0.03055
-0.03132 0.00017 -0.03141 -0.03099
-0.03148 0.00016 -0.03181 -0.03140
-0.06716 0.02920 -0.09160 -0.03140
-0.04387 0.00002 -0.04390 -0.04384
-0.14320 0.01039 -0.15713 -0.13093
-0.03224 0.02444 -0.07214 0.00508
-0.03110 0.12081 -0.11880 0.20314
-0.04794 0.00028 -0.04828 -0.04743
-0.04766 0.00001 -0.04767 -0.04764
-0.04844 0.00013 -0.04852 -0.04819
-0.06538 0.00003 -0.06541 -0.06534
-0.05168 0.02762 -0.10692 -0.03744
-0.03134 0.00012 -0.03140 -0.03111
-0.03263 0.00257 -0.03776 -0.03118
-0.10158 0.00310 -0.10581 -0.09626
-0.12053 0.01668 -0.14191 -0.10215
-0.00361 0.00141 -0.00544 -0.00166
0.00000 0.00000 0.00000 0.00000
-0.03148 0.00016 -0.03179 -0.03140
