# avg	std	min	max
3.48590 0.26864 3.24096 3.94212
3.30543 0.22826 2.95389 3.60510
3.15121 0.12379 3.07161 3.39396
3.07262 0.22534 2.81788 3.47013
3.14036 0.16767 2.96190 3.45954
2.74338 0.14489 2.46945 2.87729
3.41975 0.44071 2.89634 3.95570
2.98885 0.16540 2.78482 3.17309
3.58669 0.22907 3.16740 3.81127
3.77403 0.19475 3.50615 4.00173
3.26194 0.16468 3.09904 3.47050
3.36006 0.27714 3.09582 3.81448
3.35678 0.27637 3.08178 3.79558
3.75301 0.14983 3.47416 3.92084
3.54144 0.02435 3.51315 3.57489
3.36685 0.19051 3.05530 3.64579
3.31023 0.22794 3.02355 3.59364
3.43866 0.23106 3.11859 3.81222
0.00000 0.00000 0.00000 0.00000
3.40547 0.25128 3.20099 3.81692
