# avg	std	min	max
0.67762 0.00064 0.67639 0.67819
0.20542 0.00000 0.20542 0.20542
-0.70362 0.00051 -0.70422 -0.70267
-0.31939 0.36704 -0.52703 0.41259
-0.16939 0.55605 -0.52394 0.93947
-0.85196 0.05435 -0.92677 -0.75900
0.05728 0.49767 -0.36922 0.67764
-0.32582 0.31814 -0.59508 0.28721
1.20200 0.00046 1.20142 1.20247
0.00009 0.00118 -0.00141 0.00221
-0.85011 0.00293 -0.85563 -0.84729
0.30603 0.00366 0.30225 0.31063
0.05787 0.43275 -0.31262 0.65837
0.52208 0.02111 0.49039 0.55479
0.57486 0.38616 0.27515 1.30303
0.61178 0.02089 0.59279 0.65042
0.64620 0.29728 0.44498 1.23018
0.07668 0.27279 -0.16236 0.59533
0.27120 0.23487 0.07798 0.72745
0.33346 0.28905 0.13840 0.90699
