# avg	std	min	max
0.73718 0.00291 0.73200 0.73993
0.01537 0.00000 0.01537 0.01538
-0.13214 0.00098 -0.13311 -0.13096
-0.09635 0.00389 -0.10169 -0.09204
-0.20021 0.01556 -0.22092 -0.18069
-0.13822 0.01535 -0.15831 -0.11710
-0.52970 0.49599 -0.80960 0.46107
7.19418 0.33404 6.86642 7.68898
0.15160 0.01828 0.12717 0.17545
0.00235 0.00466 0.00000 0.01167
-0.00963 0.00012 -0.00978 -0.00951
0.00232 0.00251 -0.00187 0.00511
5.57058 1.15217 3.28965 6.35160
-0.00342 0.00369 -0.01054 -0.00081
-0.03403 0.02116 -0.07517 -0.01886
-0.16684 0.00589 -0.17499 -0.16005
-0.24160 0.12098 -0.41330 -0.13784
0.48016 0.06168 0.37596 0.55621
0.47538 0.20440 0.20315 0.67637
-0.19244 0.00826 -0.20107 -0.18223
