# avg	std	min	max
0.02743 0.00053 0.02663 0.02823
0.01930 0.01034 0.00000 0.02723
0.00002 0.00004 0.00000 0.00011
0.00595 0.01184 0.00000 0.02963
0.00005 0.00005 0.00000 0.00011
0.00018 0.00022 0.00000 0.00061
-0.00192 0.00384 -0.00961 0.00000
0.00541 0.01083 0.00000 0.02707
0.02195 0.01095 0.00011 0.02856
0.00620 0.01007 -0.00071 0.02551
0.00000 0.00000 0.00000 0.00000
0.00194 0.00387 0.00000 0.00968
0.00000 0.00000 0.00000 0.00000
0.00145 0.00367 -0.00107 0.00876
0.00000 0.00000 0.00000 0.00000
0.00024 0.00220 -0.00322 0.00198
-0.00260 0.00516 -0.01199 0.00119
0.00000 0.00000 0.00000 0.00000
0.00000 0.00000 0.00000 0.00000
0.00000 0.00000 0.00000 0.00000
