# avg	std	min	max
0.00000 0.00000 0.00000 0.00000
0.00000 0.00000 0.00000 0.00000
0.00000 0.00000 0.00000 0.00000
0.00000 0.00000 0.00000 0.00000
0.00000 0.00000 0.00000 0.00000
0.00000 0.00000 0.00000 0.00000
-0.00514 0.01050 -0.02613 0.00011
0.00000 0.00000 0.00000 0.00000
0.00002 0.00004 0.00000 0.00011
0.00000 0.00000 0.00000 0.00000
0.00000 0.00000 0.00000 0.00000
0.00000 0.00000 0.00000 0.00000
-0.00529 0.01080 -0.02690 0.00011
0.00000 0.00000 0.00000 0.00000
0.00000 0.00000 0.00000 0.00000
0.00004 0.00005 0.00000 0.00011
0.00000 0.00000 0.00000 0.00000
0.00000 0.00000 0.00000 0.00000
0.00000 0.00000 0.00000 0.00000
0.00000 0.00000 0.00000 0.00000
