# avg	std	min	max
0.01420 0.00004 0.01414 0.01425
0.00709 0.00007 0.00702 0.00717
0.00004 0.00004 0.00000 0.00009
-0.00692 0.01806 -0.04037 0.01166
-0.00027 0.00065 -0.00091 0.00082
-0.00970 0.01360 -0.02063 0.01159
-0.00872 0.01317 -0.03292 0.00226
-0.00626 0.00221 -0.00784 -0.00192
0.01532 0.00001 0.01530 0.01534
0.01183 0.00006 0.01177 0.01192
0.00191 0.00004 0.00184 0.00196
0.01182 0.00004 0.01177 0.01187
-0.00322 0.00477 -0.01065 0.00200
0.00334 0.00349 -0.00198 0.00721
0.00149 0.00012 0.00132 0.00160
-0.05349 0.01193 -0.06571 -0.03553
-0.05753 0.01501 -0.07843 -0.04172
0.01543 0.00416 0.01026 0.01963
0.04695 0.00880 0.03983 0.06325
-0.01089 0.00555 -0.01525 -0.00176
