# avg	std	min	max
0.01520 0.00000 0.01520 0.01520
0.00000 0.00000 0.00000 0.00000
-0.04086 0.01452 -0.06620 -0.02080
-0.07926 0.01641 -0.10140 -0.05620
-0.01474 0.02075 -0.05330 0.00460
-0.23802 0.00794 -0.25180 -0.22920
-0.09818 0.06406 -0.15810 -0.01710
-0.04562 0.00730 -0.05740 -0.03880
0.01618 0.00027 0.01600 0.01670
-0.00550 0.00300 -0.01150 -0.00400
-0.00064 0.00492 -0.01020 0.00380
-0.00312 0.00004 -0.00320 -0.00310
-0.05194 0.04863 -0.14890 -0.02080
-0.04054 0.00137 -0.04130 -0.03780
-0.00420 0.02141 -0.04100 0.02140
0.24536 0.03808 0.20100 0.28690
0.11134 0.21548 -0.16060 0.29390
-0.02918 0.01759 -0.05610 -0.00870
-0.10806 0.00758 -0.11890 -0.09700
-0.06580 0.02711 -0.10680 -0.02310
