# avg	std	min	max
-0.10570 0.00000 -0.10570 -0.10570
0.00000 0.00000 0.00000 0.00000
-0.65086 0.00898 -0.66490 -0.63650
-1.09672 0.02563 -1.11810 -1.06420
-0.75264 0.01161 -0.76970 -0.73820
-1.29240 0.10298 -1.42150 -1.10810
-0.41480 0.00970 -0.42670 -0.40630
-0.55384 0.17277 -0.64670 -0.20850
-0.08300 0.00000 -0.08300 -0.08300
0.09762 0.01721 0.08350 0.11900
0.10654 0.03376 0.06570 0.14120
-0.08958 0.00772 -0.09900 -0.08150
-0.36606 0.01490 -0.38430 -0.35350
-0.09370 0.01167 -0.10810 -0.07420
-0.24422 0.00968 -0.26050 -0.23500
-0.24656 0.00754 -0.25260 -0.23300
-0.33162 0.01716 -0.35250 -0.31240
-0.55680 0.02314 -0.58000 -0.51860
-0.85684 0.40048 -1.24510 -0.36640
0.03776 0.00525 0.03000 0.04630
