# avg	std	min	max
-0.00778 0.00076 -0.00930 -0.00740
-0.01092 0.00044 -0.01180 -0.01070
0.03140 0.01379 0.01650 0.04810
0.06280 0.00000 0.06280 0.06280
0.03940 0.01050 0.03390 0.06040
0.06270 0.00059 0.06210 0.06370
-0.03724 0.07413 -0.12820 0.07570
-0.01130 0.00058 -0.01210 -0.01060
-0.01088 0.00036 -0.01160 -0.01070
-0.01172 0.00094 -0.01310 -0.01070
0.00394 0.00038 0.00320 0.00430
0.02744 0.00249 0.02250 0.02910
-0.01486 0.05969 -0.11460 0.07360
-0.01066 0.00008 -0.01070 -0.01050
-0.01082 0.00025 -0.01130 -0.01060
0.00026 0.00048 -0.00070 0.00050
-0.00582 0.01619 -0.03710 0.01010
-0.01090 0.00040 -0.01170 -0.01070
-0.00038 0.00334 -0.00220 0.00630
0.00080 0.02350 -0.01170 0.04780
