# avg	std	min	max
-0.02308 0.00016 -0.02340 -0.02300
-0.02612 0.00624 -0.03860 -0.02300
-0.02300 0.00000 -0.02300 -0.02300
-0.02292 0.00016 -0.02300 -0.02260
-0.02300 0.00000 -0.02300 -0.02300
-0.03162 0.01101 -0.04930 -0.02290
-0.02304 0.00008 -0.02320 -0.02300
-0.02300 0.00000 -0.02300 -0.02300
-0.01924 0.00587 -0.02220 -0.00750
-0.02300 0.00000 -0.02300 -0.02300
-0.02300 0.00000 -0.02300 -0.02300
-0.02300 0.00000 -0.02300 -0.02300
-0.02938 0.00782 -0.03960 -0.02300
-0.02298 0.00004 -0.02300 -0.02290
-0.02300 0.00000 -0.02300 -0.02300
-0.00336 0.00724 -0.00720 0.01110
0.00000 0.00000 0.00000 0.00000
-0.04606 0.00990 -0.05760 -0.02760
-0.05442 0.01768 -0.07980 -0.02670
-0.02590 0.00580 -0.03750 -0.02300
