# avg	std	min	max
0.00084 0.00151 -0.00120 0.00210
-0.00004 0.00174 -0.00180 0.00210
0.00138 0.00149 -0.00160 0.00230
0.00132 0.00151 -0.00170 0.00220
0.00138 0.00120 -0.00100 0.00220
0.00126 0.00057 0.00060 0.00200
0.00002 0.00004 0.00000 0.00010
0.00150 0.00221 -0.00150 0.00430
-0.00104 0.00024 -0.00140 -0.00070
0.00060 0.00184 -0.00220 0.00220
0.00066 0.00177 -0.00180 0.00220
0.00064 0.00171 -0.00170 0.00210
-0.00098 0.00042 -0.00180 -0.00070
0.00072 0.00149 -0.00110 0.00200
0.00132 0.00019 0.00110 0.00160
0.09532 0.00222 0.09200 0.09770
0.06532 0.02208 0.04410 0.09680
-0.00596 0.00194 -0.00810 -0.00240
-0.00238 0.00282 -0.00640 0.00010
-0.00180 0.00181 -0.00350 0.00040
