# avg	std	min	max
0.00000 0.00000 0.00000 0.00000
0.02290 0.00000 0.02290 0.02290
0.03790 0.00000 0.03790 0.03790
0.02272 0.00040 0.02240 0.02350
0.04120 0.00645 0.03060 0.04670
0.02630 0.00206 0.02500 0.03040
0.02508 0.00052 0.02460 0.02600
0.02148 0.00007 0.02140 0.02160
0.02666 0.01195 0.01690 0.04130
0.01560 0.00000 0.01560 0.01560
0.03662 0.00004 0.03660 0.03670
0.01100 0.00000 0.01100 0.01100
0.02560 0.00108 0.02470 0.02720
0.02288 0.00020 0.02260 0.02310
-0.01172 0.02531 -0.02870 0.03830
0.03404 0.00026 0.03370 0.03440
0.02972 0.00958 0.01880 0.04150
-0.05430 0.01038 -0.06710 -0.03620
-0.06090 0.00023 -0.06120 -0.06050
0.02186 0.00019 0.02170 0.02220
