# avg	std	min	max
0.14086 0.00005 0.14080 0.14090
0.14098 0.00013 0.14080 0.14120
0.12328 0.00726 0.11870 0.13770
-0.00514 0.05936 -0.12040 0.04080
0.02908 0.05207 -0.04930 0.08790
-0.00416 0.00994 -0.02000 0.01030
-0.01662 0.00019 -0.01680 -0.01630
-0.04024 0.00138 -0.04190 -0.03780
0.14096 0.00005 0.14090 0.14100
0.14088 0.00007 0.14080 0.14100
0.14090 0.00006 0.14080 0.14100
0.14098 0.00010 0.14080 0.14110
-0.05308 0.00349 -0.05500 -0.04610
0.12204 0.00010 0.12190 0.12220
0.07514 0.00983 0.05620 0.08490
0.14412 0.00142 0.14130 0.14520
0.09496 0.00186 0.09320 0.09770
0.00766 0.00579 -0.00120 0.01710
-0.03420 0.01372 -0.05820 -0.01950
-0.00076 0.00010 -0.00090 -0.00060
