# avg	std	min	max
-0.00056 0.00089 -0.00230 0.00000
-0.00030 0.00024 -0.00050 0.00000
-0.00050 0.00000 -0.00050 -0.00050
-0.00030 0.00024 -0.00050 0.00000
-0.00120 0.00086 -0.00230 -0.00050
-0.00110 0.00096 -0.00230 0.00000
-0.00066 0.00085 -0.00230 0.00000
-0.00120 0.00086 -0.00230 -0.00050
-0.00084 0.00068 -0.00220 -0.00050
-0.00204 0.00255 -0.00690 0.00000
-0.00076 0.00079 -0.00230 0.00000
-0.00102 0.00106 -0.00230 0.00000
-0.00112 0.00098 -0.00230 0.00000
-0.00076 0.00079 -0.00230 0.00000
-0.00030 0.00024 -0.00050 0.00000
-0.02678 0.00084 -0.02780 -0.02600
-0.01304 0.00106 -0.01510 -0.01210
-0.00128 0.00282 -0.00690 0.00050
0.00160 0.00164 0.00020 0.00460
-0.00112 0.00098 -0.00230 0.00000
