# avg	std	min	max
0.00092 0.00154 0.00010 0.00400
0.00004 0.00005 0.00000 0.00010
0.00346 0.00340 0.00000 0.00870
0.00000 0.00000 0.00000 0.00000
0.00058 0.00096 0.00000 0.00250
0.00004 0.00008 0.00000 0.00020
0.00000 0.00000 0.00000 0.00000
0.00008 0.00010 0.00000 0.00020
0.00484 0.00207 0.00130 0.00780
0.00000 0.00000 0.00000 0.00000
0.00040 0.00006 0.00030 0.00050
0.00006 0.00005 0.00000 0.00010
0.00000 0.00000 0.00000 0.00000
0.00000 0.00000 0.00000 0.00000
0.00002 0.00004 0.00000 0.00010
-0.00974 0.00053 -0.01020 -0.00870
0.00006 0.00008 0.00000 0.00020
0.00000 0.00000 0.00000 0.00000
0.00000 0.00000 0.00000 0.00000
0.00000 0.00000 0.00000 0.00000
