# avg	std	min	max
0.00316 0.00005 0.00310 0.00320
0.00316 0.00005 0.00310 0.00320
0.00246 0.00070 0.00170 0.00340
0.00080 0.00009 0.00070 0.00090
0.00110 0.00082 0.00040 0.00220
0.00368 0.00227 0.00030 0.00560
-0.01958 0.00618 -0.02720 -0.01430
0.00684 0.00008 0.00670 0.00690
0.00118 0.00004 0.00110 0.00120
0.00316 0.00008 0.00300 0.00320
0.00326 0.00005 0.00320 0.00330
0.00174 0.00005 0.00170 0.00180
0.00202 0.00007 0.00190 0.00210
0.00210 0.00000 0.00210 0.00210
0.00106 0.00008 0.00090 0.00110
0.01398 0.00004 0.01390 0.01400
0.01400 0.00000 0.01400 0.01400
0.00000 0.00000 0.00000 0.00000
0.00006 0.00070 -0.00110 0.00110
0.00046 0.00008 0.00030 0.00050
