# avg	std	min	max
-0.00332 0.00296 -0.00610 0.00030
-0.00558 0.00029 -0.00600 -0.00520
-0.00410 0.00224 -0.00590 0.00010
0.00000 0.00000 0.00000 0.00000
-0.00530 0.00038 -0.00590 -0.00480
0.00274 0.00005 0.00270 0.00280
0.00162 0.00383 -0.00340 0.00800
-0.00318 0.00171 -0.00600 -0.00060
-0.00466 0.00273 -0.00660 0.00070
-0.00444 0.00244 -0.00610 0.00040
-0.00492 0.00121 -0.00640 -0.00280
-0.00422 0.00245 -0.00610 0.00060
-0.00224 0.00216 -0.00560 0.00020
-0.00358 0.00230 -0.00570 0.00040
-0.00108 0.00136 -0.00280 0.00010
0.03510 0.00061 0.03420 0.03610
-0.02316 0.00012 -0.02330 -0.02300
-0.00546 0.01806 -0.03940 0.01500
-0.01018 0.01785 -0.03180 0.00830
0.00372 0.00844 -0.00200 0.02050
