# avg	std	min	max
0.00198 0.00218 0.00010 0.00470
0.00008 0.00016 0.00000 0.00040
-0.00300 0.00595 -0.01490 0.00000
-0.00482 0.00904 -0.01840 0.00530
-0.00334 0.00668 -0.01670 0.00000
0.00000 0.00000 0.00000 0.00000
0.00222 0.00975 -0.01230 0.01790
-0.00844 0.00748 -0.01810 0.00070
-0.01906 0.01059 -0.03270 -0.00270
-0.00328 0.01168 -0.01750 0.01520
-0.00626 0.00771 -0.01690 0.00000
-0.00262 0.00524 -0.01310 0.00000
0.00138 0.01105 -0.01670 0.01750
-0.00010 0.00000 -0.00010 -0.00010
-0.00082 0.00999 -0.01690 0.01460
0.01034 0.01184 -0.00560 0.02130
0.01894 0.01245 -0.00360 0.03440
-0.00158 0.00529 -0.01200 0.00230
-0.00220 0.00940 -0.01360 0.00950
-0.00170 0.00730 -0.01570 0.00570
