# avg	std	min	max
0.00000 0.00000 0.00000 0.00000
0.00000 0.00000 0.00000 0.00000
0.03942 0.00984 0.01980 0.04510
0.00000 0.00000 0.00000 0.00000
0.05070 0.01290 0.02740 0.06290
0.05200 0.00545 0.04920 0.06290
0.00000 0.00000 0.00000 0.00000
0.02670 0.00080 0.02510 0.02710
0.00602 0.01159 0.00020 0.02920
0.00000 0.00000 0.00000 0.00000
0.00152 0.00028 0.00120 0.00190
0.00000 0.00000 0.00000 0.00000
0.00000 0.00000 0.00000 0.00000
0.00000 0.00000 0.00000 0.00000
0.00000 0.00000 0.00000 0.00000
0.00980 0.00105 0.00920 0.01190
0.00424 0.00115 0.00330 0.00570
0.00000 0.00000 0.00000 0.00000
-0.01702 0.03404 -0.08510 0.00000
0.00000 0.00000 0.00000 0.00000
