# avg	std	min	max
0.33064 0.02667 0.30910 0.38230
0.23212 0.06292 0.12410 0.28450
0.14914 0.06209 0.03220 0.19520
0.03248 0.00018 0.03230 0.03280
0.16810 0.05249 0.10380 0.25920
0.03274 0.00040 0.03240 0.03350
0.07048 0.04950 0.03230 0.15700
0.03274 0.00019 0.03250 0.03300
-0.04876 0.00567 -0.05590 -0.04160
0.16204 0.06144 0.10650 0.25150
0.15686 0.03819 0.09890 0.19220
0.11816 0.01533 0.10020 0.13680
0.03222 0.00004 0.03220 0.03230
0.19708 0.08017 0.04020 0.26560
0.11268 0.04478 0.03230 0.16410
0.24776 0.01181 0.23770 0.26940
0.18518 0.06034 0.09180 0.28220
0.02242 0.00628 0.00990 0.02590
0.00010 0.00000 0.00010 0.00010
0.07070 0.05229 0.03220 0.16500
