# avg	std	min	max
0.00000 0.00000 0.00000 0.00000
0.00000 0.00000 0.00000 0.00000
0.00000 0.00000 0.00000 0.00000
0.00000 0.00006 -0.00010 0.00010
0.00014 0.00028 0.00000 0.00070
0.00000 0.00000 0.00000 0.00000
0.00016 0.00016 0.00000 0.00040
-0.00004 0.00008 -0.00020 0.00000
0.00026 0.00022 0.00000 0.00050
0.00000 0.00000 0.00000 0.00000
0.00006 0.00017 -0.00010 0.00040
0.00000 0.00000 0.00000 0.00000
0.00016 0.00021 0.00000 0.00050
0.00006 0.00008 0.00000 0.00020
0.00000 0.00029 -0.00040 0.00050
-0.00006 0.00012 -0.00030 0.00000
-0.00716 0.00356 -0.00960 -0.00010
0.00052 0.00044 0.00000 0.00100
0.00002 0.00010 -0.00010 0.00020
0.00000 0.00000 0.00000 0.00000
