# avg	std	min	max
0.07070 0.00000 0.07070 0.07070
0.07070 0.00000 0.07070 0.07070
0.07070 0.00000 0.07070 0.07070
0.07176 0.00133 0.07070 0.07380
0.07070 0.00000 0.07070 0.07070
0.07070 0.00000 0.07070 0.07070
0.07170 0.00111 0.07070 0.07320
0.07114 0.00088 0.07070 0.07290
0.07070 0.00000 0.07070 0.07070
0.00000 0.00000 0.00000 0.00000
0.00000 0.00000 0.00000 0.00000
0.00000 0.00000 0.00000 0.00000
0.07134 0.00085 0.07070 0.07280
0.00032 0.00015 0.00010 0.00050
0.05656 0.02828 0.00000 0.07070
0.08490 0.00000 0.08490 0.08490
0.08490 0.00000 0.08490 0.08490
0.07070 0.00000 0.07070 0.07070
0.02828 0.03464 0.00000 0.07070
0.05766 0.02814 0.00140 0.07280
