# avg	std	min	max
0.44112 0.51971 0.14480 1.47380
0.50468 0.53768 0.11850 1.48830
1.02348 0.59064 0.15900 1.99240
0.34848 0.45136 0.07740 1.24960
0.23254 0.29139 -0.00640 0.80530
1.08858 0.39455 0.47980 1.59650
0.61094 0.65253 0.08230 1.86800
2.05194 1.58510 0.35910 4.26080
0.67084 0.54527 0.00370 1.27070
0.00012 0.00010 0.00000 0.00030
0.03514 0.00077 0.03360 0.03560
-0.01798 0.01062 -0.03830 -0.01090
0.91110 1.19520 0.14480 3.28900
0.48804 0.45834 -0.01250 1.26010
0.40430 0.39285 0.06050 1.17370
2.42036 0.93636 0.91220 3.49520
1.91436 0.99935 0.69070 2.91150
0.49584 1.64405 -1.61390 3.45970
1.49120 1.21370 -0.06580 2.89490
1.19448 1.00562 0.16680 3.10580
