# avg	std	min	max
-0.09146 0.01577 -0.10980 -0.06700
-0.03546 0.01400 -0.05180 -0.01280
0.00002 0.00004 0.00000 0.00010
-0.00338 0.02853 -0.03320 0.04960
-0.01456 0.00005 -0.01460 -0.01450
-0.03076 0.00107 -0.03210 -0.02960
-0.01184 0.01803 -0.03380 0.00880
0.00318 0.00456 -0.00220 0.01120
-0.04108 0.01720 -0.06730 -0.02480
-0.01984 0.01151 -0.03650 -0.00660
-0.02344 0.00914 -0.04170 -0.01790
-0.01842 0.01071 -0.03870 -0.00670
0.00542 0.01796 -0.02960 0.02110
-0.02930 0.00849 -0.03680 -0.01720
-0.02262 0.01501 -0.03160 0.00730
0.02308 0.01305 0.00210 0.04150
-0.02160 0.01841 -0.05120 0.00700
-0.01128 0.01721 -0.03880 0.00740
-0.03990 0.02172 -0.07060 -0.01400
-0.02288 0.00968 -0.03080 -0.01000
