# avg	std	min	max
0.61702 0.00015 0.61690 0.61720
0.57420 0.00017 0.57400 0.57440
0.00014 0.00047 -0.00040 0.00100
-1.06378 0.00879 -1.07670 -1.05540
-0.34094 0.02837 -0.36980 -0.28650
-1.15948 0.03397 -1.19510 -1.10960
0.12396 0.05398 0.06570 0.19510
-0.02576 0.02800 -0.05070 0.02340
0.39152 0.38710 0.05130 0.95950
0.58012 0.00112 0.57790 0.58090
-0.19986 0.00153 -0.20250 -0.19810
0.29278 0.00025 0.29250 0.29320
0.11030 0.06505 0.00310 0.18840
0.43540 0.01710 0.41310 0.45160
-0.12794 0.01653 -0.14820 -0.10550
0.22192 0.02150 0.19400 0.25730
-0.06476 0.04990 -0.14010 0.00920
-0.37388 0.11241 -0.53800 -0.20480
-0.38458 0.08926 -0.50400 -0.23370
0.45376 0.06085 0.33530 0.50440
