# avg	std	min	max
1.69690 0.02695 1.65050 1.72250
0.64210 0.00000 0.64210 0.64210
0.00000 0.00009 -0.00010 0.00010
-0.49054 0.02055 -0.51570 -0.47290
-0.18808 0.06861 -0.27900 -0.09620
-0.66820 0.01603 -0.68780 -0.65360
-0.66376 0.39539 -1.03400 -0.17010
-0.26614 0.31736 -0.78480 0.20000
3.38064 0.38697 2.99520 4.02360
1.30780 0.01270 1.29740 1.32340
1.08276 0.00170 1.08030 1.08450
0.59216 0.00101 0.59070 0.59380
-0.92596 0.48254 -1.60430 -0.32080
0.63320 0.17823 0.53620 0.98950
-0.53534 0.00768 -0.54060 -0.52070
1.06844 0.00094 1.06730 1.06990
0.25672 0.02877 0.21530 0.30190
-0.04488 0.03398 -0.10320 -0.00540
-0.42912 0.64829 -1.44360 0.49110
1.02092 0.04712 0.95190 1.07440
