# avg	std	min	max
1.37406 0.29723 1.09930 1.74160
1.32374 0.27285 1.01450 1.64830
1.36522 0.00628 1.35290 1.36970
1.27994 0.00723 1.27410 1.29380
1.18440 0.00050 1.18390 1.18500
0.68912 0.04054 0.65860 0.76940
0.56030 0.01278 0.54180 0.57270
-0.00004 0.00734 -0.00900 0.00970
0.83148 0.26658 0.51080 1.29430
1.15222 0.29492 0.85040 1.61200
1.34698 0.00360 1.34300 1.35370
1.35548 0.00813 1.33980 1.36170
0.90248 0.00398 0.90010 0.91040
1.44950 0.00419 1.44590 1.45750
1.26588 0.01142 1.25670 1.28800
1.18572 0.29571 0.89230 1.54730
1.49740 0.14548 1.22040 1.64940
1.28356 0.04274 1.24530 1.35980
1.21278 0.21764 0.78120 1.36890
1.36770 0.01829 1.35270 1.39030
