# avg	std	min	max
-0.00002 0.00004 -0.00010 0.00000
0.00000 0.00000 0.00000 0.00000
-0.00094 0.00021 -0.00120 -0.00060
0.00000 0.00000 0.00000 0.00000
-0.00062 0.00052 -0.00120 0.00000
-0.00022 0.00044 -0.00110 0.00000
-0.00002 0.00010 -0.00020 0.00010
0.00000 0.00000 0.00000 0.00000
-0.00038 0.00071 -0.00180 0.00000
-0.00058 0.00073 -0.00170 0.00000
-0.00096 0.00048 -0.00130 0.00000
-0.00102 0.00016 -0.00130 -0.00090
0.00000 0.00000 0.00000 0.00000
-0.00112 0.00024 -0.00130 -0.00070
-0.00024 0.00048 -0.00120 0.00000
0.00886 0.00037 0.00860 0.00960
-0.00120 0.00040 -0.00200 -0.00100
0.00052 0.00085 0.00000 0.00220
-0.00178 0.00436 -0.01050 0.00050
-0.00002 0.00004 -0.00010 0.00000
