# avg	std	min	max
0.00826 0.02552 -0.01300 0.05850
0.00054 0.00088 -0.00020 0.00220
0.01492 0.03034 -0.00090 0.07560
0.00258 0.00220 -0.00010 0.00510
-0.01114 0.02921 -0.02870 0.04670
0.00224 0.00499 -0.00090 0.01220
-0.00004 0.00019 -0.00020 0.00030
-0.00290 0.00252 -0.00620 0.00010
0.00042 0.00097 -0.00060 0.00200
-0.00252 0.00357 -0.00930 0.00070
0.00024 0.00139 -0.00180 0.00230
-0.00026 0.00046 -0.00090 0.00030
-0.00012 0.00012 -0.00030 0.00000
0.01702 0.03545 -0.00380 0.08780
0.02784 0.03616 -0.00400 0.07250
0.01762 0.01405 0.00910 0.04560
0.02254 0.02602 0.00660 0.07420
0.00378 0.00149 0.00140 0.00570
0.04958 0.05718 -0.02680 0.11800
0.00060 0.00221 -0.00270 0.00400
