# avg	std	min	max
0.00000 0.00000 0.00000 0.00000
-0.00362 0.00724 -0.01810 0.00000
0.00342 0.00684 0.00000 0.01710
0.00272 0.00574 -0.00060 0.01420
0.00000 0.00000 0.00000 0.00000
-0.01620 0.02396 -0.05760 0.01420
-0.00820 0.01311 -0.01820 0.01420
-0.01496 0.00718 -0.01870 -0.00060
-0.00362 0.00724 -0.01810 0.00000
0.00000 0.00000 0.00000 0.00000
0.00000 0.00000 0.00000 0.00000
0.00000 0.00000 0.00000 0.00000
-0.00456 0.01233 -0.01820 0.01420
0.00000 0.00000 0.00000 0.00000
-0.00974 0.02479 -0.05760 0.01420
0.00000 0.00000 0.00000 0.00000
0.00000 0.00000 0.00000 0.00000
0.00284 0.00568 0.00000 0.01420
0.00568 0.00696 0.00000 0.01420
-0.01820 0.00000 -0.01820 -0.01820
