# avg	std	min	max
0.00000 0.00000 0.00000 0.00000
0.25244 0.01112 0.23170 0.26260
0.18816 0.00625 0.18170 0.19960
-0.04596 0.05326 -0.09110 0.04790
0.02760 0.00998 0.01260 0.03940
-0.25722 0.03695 -0.30540 -0.20940
0.06860 0.07413 -0.04330 0.15280
-0.25720 0.04768 -0.31320 -0.17370
0.12866 0.02592 0.09350 0.15850
0.25862 0.01154 0.24500 0.27370
0.29424 0.13930 0.12040 0.40810
0.18056 0.01090 0.16170 0.19200
0.10878 0.04273 0.06060 0.18350
0.19600 0.01639 0.16650 0.21300
0.23930 0.01797 0.22140 0.27240
0.34032 0.03794 0.26480 0.36430
0.32690 0.02813 0.28360 0.36030
0.03788 0.14242 -0.10120 0.22930
-0.20190 0.15871 -0.35950 0.10200
0.16330 0.05022 0.08660 0.21930
