# avg	std	min	max
-0.06550 0.04871 -0.13050 0.00020
-0.04772 0.04294 -0.11210 0.00010
-0.05328 0.01471 -0.06460 -0.02470
0.10790 0.02495 0.07030 0.14690
0.00076 0.03128 -0.05400 0.04140
0.06552 0.01987 0.03520 0.09220
-0.08230 0.01005 -0.09340 -0.06590
-0.28688 0.02604 -0.32840 -0.26050
-0.07614 0.01654 -0.09480 -0.05720
-0.07296 0.03206 -0.12980 -0.03180
-0.03916 0.02194 -0.06870 -0.02130
-0.07380 0.02231 -0.11830 -0.06000
-0.22014 0.01540 -0.23750 -0.19530
-0.07450 0.00654 -0.08280 -0.06370
-0.28866 0.05590 -0.35340 -0.20440
-0.07308 0.00793 -0.08430 -0.05980
-0.12970 0.08987 -0.23920 -0.04270
-0.17216 0.17144 -0.45770 -0.03030
-0.26990 0.09703 -0.45640 -0.18680
-0.16830 0.08465 -0.22030 0.00040
