# avg	std	min	max
0.02644 0.01050 0.01770 0.03940
0.00490 0.01795 -0.03100 0.01400
0.00962 0.00007 0.00950 0.00970
-0.05918 0.09992 -0.25780 0.00270
0.00028 0.00035 -0.00020 0.00080
-0.03514 0.00557 -0.04520 -0.02810
0.01308 0.01269 -0.01230 0.01950
-0.01208 0.06431 -0.14070 0.02130
-0.03094 0.05592 -0.11230 0.06370
-0.00258 0.03007 -0.05920 0.02770
0.01656 0.00010 0.01640 0.01670
0.01940 0.00020 0.01910 0.01970
0.02538 0.05482 -0.05120 0.12050
0.02040 0.00310 0.01420 0.02210
-0.02142 0.04559 -0.10910 0.01920
0.00966 0.08639 -0.16310 0.05520
0.27084 0.13111 0.07080 0.37700
-0.11242 0.07054 -0.15550 0.02810
-0.22576 0.02038 -0.25690 -0.19650
0.03014 0.13734 -0.10820 0.28000
