# avg	std	min	max
2.51300 0.32646 2.03170 2.96610
2.17242 0.15424 2.03910 2.47310
1.29064 0.10025 1.19280 1.48390
-0.02410 0.01226 -0.03960 -0.01200
0.67572 0.07828 0.51960 0.72380
0.02870 0.41579 -0.46350 0.54460
0.61794 0.34341 0.05470 1.13500
5.14884 1.72568 2.55330 7.20298
2.24462 0.09914 2.05620 2.35040
2.35676 0.15894 2.26240 2.67320
1.66508 0.08162 1.55200 1.78710
1.40768 0.02158 1.37070 1.43230
0.87180 0.63210 0.06060 1.67270
1.36434 0.90248 0.07350 2.35810
2.51970 0.05548 2.42290 2.56490
1.48460 0.64818 0.85380 2.67150
2.04114 0.55972 1.05920 2.76970
2.32196 0.20400 2.05800 2.62640
2.77400 0.85004 1.88610 4.39740
1.28250 0.53435 0.65110 1.97450
