# avg	std	min	max
0.00486 0.00530 -0.00570 0.00800
-0.00116 0.00048 -0.00170 -0.00040
0.00524 0.00014 0.00500 0.00540
0.00346 0.00533 -0.00460 0.01170
-0.00074 0.00626 -0.00840 0.00480
0.00288 0.02526 -0.02370 0.05070
-0.00352 0.00647 -0.01260 0.00410
0.00308 0.00392 -0.00070 0.01010
-0.00258 0.00511 -0.01270 0.00070
-0.00068 0.00539 -0.01140 0.00270
0.00584 0.00711 -0.00750 0.01390
0.01638 0.01217 0.00130 0.02840
-0.00032 0.00149 -0.00240 0.00210
0.00016 0.01295 -0.02160 0.01730
0.00460 0.01295 -0.01140 0.02330
0.10932 0.01343 0.09050 0.12790
0.14712 0.00023 0.14680 0.14740
-0.03534 0.02658 -0.07230 0.00110
-0.06078 0.03508 -0.12820 -0.03420
0.00276 0.00274 -0.00100 0.00560
