# avg	std	min	max
-0.01570 0.00000 -0.01570 -0.01570
0.08830 0.00000 0.08830 0.08830
0.29390 0.23229 0.00940 0.48400
0.15524 0.01992 0.11830 0.17260
0.15450 0.17085 0.01500 0.36380
0.04020 0.00000 0.04020 0.04020
0.05640 0.01014 0.04230 0.07360
0.05892 0.00745 0.05020 0.06840
-0.04406 0.01415 -0.07220 -0.03470
0.00000 0.00000 0.00000 0.00000
0.47528 0.00032 0.47490 0.47580
0.02940 0.00000 0.02940 0.02940
0.06064 0.00503 0.05800 0.07070
0.04036 0.02350 0.02220 0.07960
0.03958 0.00990 0.03150 0.05180
-0.09348 0.06087 -0.17530 -0.04370
-0.10144 0.01464 -0.13050 -0.09170
0.06042 0.00774 0.05220 0.07010
0.07414 0.00552 0.06440 0.07960
0.04744 0.02234 0.01010 0.07770
