# avg	std	min	max
0.00028 0.00044 -0.00020 0.00090
0.00026 0.00033 -0.00040 0.00050
-0.00162 0.00065 -0.00250 -0.00090
0.07518 0.12186 0.01410 0.31890
-0.00208 0.00044 -0.00290 -0.00170
-0.00004 0.00042 -0.00050 0.00060
0.00000 0.00000 0.00000 0.00000
-0.00058 0.00010 -0.00070 -0.00050
0.00040 0.00035 -0.00030 0.00060
-0.00072 0.00052 -0.00140 -0.00030
-0.00020 0.00032 -0.00050 0.00040
0.00004 0.00035 -0.00050 0.00040
0.00008 0.00010 0.00000 0.00020
-0.00028 0.00039 -0.00100 0.00010
-0.00046 0.00020 -0.00060 -0.00010
-0.03340 0.00054 -0.03400 -0.03260
-0.04284 0.00395 -0.04710 -0.03750
0.00846 0.00351 0.00410 0.01220
0.02322 0.00986 0.01460 0.03990
0.00038 0.00007 0.00030 0.00050
