# avg	std	min	max
-0.00501 0.02142 -0.04602 0.01692
-0.02016 0.02482 -0.05429 0.00000
0.00000 0.00000 0.00000 0.00000
-0.00859 0.01717 -0.04293 0.00000
-0.00916 0.01832 -0.04580 0.00000
-0.02995 0.02065 -0.05725 -0.00134
-0.00906 0.01812 -0.04530 0.00000
-0.08576 0.15644 -0.35011 0.07343
0.00000 0.00000 0.00000 0.00000
-0.01061 0.02122 -0.05306 0.00000
0.00000 0.00000 0.00000 0.00000
0.00000 0.00000 0.00000 0.00000
-0.00940 0.01880 -0.04700 0.00000
-0.00713 0.02104 -0.04810 0.01233
-0.18465 0.12056 -0.31469 -0.03750
0.00000 0.00000 0.00000 0.00000
-0.07919 0.11608 -0.24281 0.08678
0.05552 0.14604 -0.07009 0.33790
0.03508 0.14436 -0.15837 0.19282
0.00937 0.01874 0.00000 0.04686
