# avg	std	min	max
0.00000 0.00000 0.00000 0.00000
0.00000 0.00000 0.00000 0.00000
0.00021 0.00041 0.00000 0.00103
-0.00255 0.00602 -0.01341 0.00317
-0.00025 0.00122 -0.00218 0.00159
0.00514 0.00790 -0.00423 0.01555
0.04171 0.08053 -0.00078 0.20274
0.00694 0.01906 -0.01679 0.03091
0.00000 0.00000 0.00000 0.00000
0.00000 0.00000 0.00000 0.00000
0.00000 0.00000 0.00000 0.00000
0.00000 0.00000 0.00000 0.00000
0.02507 0.00653 0.01673 0.03111
0.00326 0.00485 0.00000 0.01283
0.00392 0.00405 0.00043 0.01184
-0.00697 0.00391 -0.01469 -0.00423
-0.00612 0.00534 -0.01263 -0.00052
0.01774 0.01856 -0.00707 0.03434
0.01872 0.01955 -0.00108 0.04712
0.00979 0.00799 0.00000 0.01633
