# avg	std	min	max
0.10679 0.06560 0.03691 0.20879
0.06942 0.04156 0.03689 0.13808
0.06087 0.04644 0.02466 0.13845
0.14703 0.06151 0.04001 0.20884
0.09058 0.04136 0.03308 0.14481
0.14289 0.05941 0.03199 0.20176
0.11408 0.08181 0.02245 0.22355
0.13477 0.07378 0.02359 0.24088
0.15638 0.03107 0.09453 0.17550
0.14093 0.06025 0.03708 0.20141
0.11294 0.06369 0.03713 0.18129
0.10232 0.05531 0.03626 0.16915
0.14698 0.05651 0.04441 0.21292
0.11377 0.06074 0.04077 0.17979
0.11361 0.04704 0.04025 0.18019
0.00002 0.00004 -0.00001 0.00010
-0.02386 0.03576 -0.06850 0.00582
0.09236 0.06253 0.02534 0.17286
0.20918 0.03189 0.16296 0.24914
0.04291 0.00190 0.04040 0.04542
