# avg	std	min	max
0.00000 0.00000 0.00000 0.00000
0.00000 0.00000 0.00000 0.00000
0.00000 0.00000 0.00000 0.00000
0.00000 0.00000 0.00000 0.00000
0.00000 0.00000 0.00000 0.00000
0.00000 0.00000 0.00000 0.00000
-0.00418 0.00007 -0.00425 -0.00405
-0.00081 0.00162 -0.00406 0.00000
0.00000 0.00000 0.00000 0.00000
0.00000 0.00000 0.00000 0.00000
0.00000 0.00000 0.00000 0.00000
0.00000 0.00000 0.00000 0.00000
0.00000 0.00000 0.00000 0.00000
0.00000 0.00000 0.00000 0.00000
0.00000 0.00000 0.00000 0.00000
-0.00206 0.00252 -0.00520 0.00000
-0.00105 0.00210 -0.00524 0.00000
0.00000 0.00000 0.00000 0.00000
-0.00080 0.00160 -0.00400 0.00000
-0.00360 0.00182 -0.00510 0.00000
