# avg	std	min	max
0.00000 0.00000 0.00000 0.00000
0.00000 0.00000 0.00000 0.00000
0.00963 0.01926 0.00000 0.04815
-0.00002 0.00004 -0.00010 0.00000
0.04436 0.00361 0.03862 0.04752
-0.00005 0.00011 -0.00027 0.00000
-0.00008 0.00011 -0.00029 0.00000
0.00000 0.00000 0.00000 0.00000
0.00000 0.00000 0.00000 0.00000
0.00000 0.00000 0.00000 0.00000
0.00000 0.00000 0.00000 0.00000
0.00000 0.00000 0.00000 0.00000
-0.00003 0.00006 -0.00014 0.00000
0.00004 0.00007 0.00000 0.00018
0.00000 0.00000 0.00000 0.00000
-0.00001 0.00003 -0.00007 0.00000
-0.00077 0.00153 -0.00383 0.00000
0.00000 0.00000 0.00000 0.00000
0.00000 0.00000 0.00000 0.00000
0.00000 0.00000 0.00000 0.00000
