# avg	std	min	max
0.56416 0.06531 0.44180 0.62278
0.33203 0.00000 0.33203 0.33203
0.22027 0.00395 0.21307 0.22382
0.17131 0.09865 0.01290 0.25090
0.62946 0.12442 0.49902 0.80849
0.42035 0.06793 0.31354 0.49464
0.71894 0.40993 0.27241 1.34727
1.03320 0.29398 0.67470 1.55964
5.38848 1.82420 2.62575 7.08249
-0.00093 0.00247 -0.00579 0.00113
-0.00432 0.00214 -0.00601 -0.00095
-0.78448 0.00339 -0.79034 -0.78076
0.84089 0.72223 0.24256 2.24570
-0.25075 0.02639 -0.27104 -0.20433
0.35929 0.24817 -0.12490 0.56800
0.27999 0.52770 -0.31955 1.04179
0.11138 0.13126 -0.14636 0.21824
0.85242 0.19753 0.54738 1.06859
1.00342 0.21480 0.58617 1.15587
0.90418 0.88610 -0.15425 2.14836
