# avg	std	min	max
0.00000 0.00000 0.00000 0.00000
0.00000 0.00000 0.00000 0.00000
0.00000 0.00000 0.00000 0.00000
0.00000 0.00000 0.00000 0.00000
0.00000 0.00000 0.00000 0.00000
0.00000 0.00000 0.00000 0.00000
0.03071 0.00000 0.03070 0.03071
-0.18877 0.18944 -0.28474 0.19010
0.00000 0.00000 0.00000 0.00000
0.00000 0.00000 0.00000 0.00000
0.00000 0.00000 0.00000 0.00000
0.00000 0.00000 0.00000 0.00000
0.03076 0.00014 0.03068 0.03103
0.00000 0.00000 0.00000 0.00000
0.00000 0.00000 0.00000 0.00000
0.00000 0.00000 0.00000 0.00000
-0.00058 0.00116 -0.00289 0.00000
-0.25521 0.12760 -0.31901 0.00000
-0.25521 0.12761 -0.31902 0.00000
0.03206 0.00272 0.03070 0.03751
