# avg	std	min	max
0.00000 0.00000 0.00000 0.00000
-0.00000 0.00000 -0.00000 -0.00000
0.00000 0.00000 0.00000 0.00000
-0.00000 0.00000 -0.00000 -0.00000
-0.00000 0.00000 -0.00000 -0.00000
-0.00000 0.00000 -0.00000 -0.00000
-0.00000 0.00000 -0.00000 -0.00000
-0.00000 0.00000 -0.00000 -0.00000
0.00000 0.00000 0.00000 0.00000
-0.00000 0.00000 -0.00000 -0.00000
-0.00000 0.00000 -0.00000 -0.00000
0.00000 0.00000 0.00000 0.00000
-0.00000 0.00000 -0.00000 -0.00000
0.00000 0.00000 0.00000 0.00000
-0.00000 0.00000 -0.00000 -0.00000
-0.00000 0.00000 -0.00000 -0.00000
0.00089 0.00000 0.00089 0.00089
-0.00000 0.00000 -0.00000 -0.00000
-0.00000 0.00000 -0.00000 -0.00000
0.00000 0.00000 0.00000 0.00000
