# avg	std	min	max
-0.00000 0.00000 -0.00000 -0.00000
-0.00000 0.00000 -0.00000 -0.00000
-0.00000 0.00000 -0.00000 -0.00000
0.00769 0.00000 0.00769 0.00769
-0.00477 0.00000 -0.00477 -0.00477
-0.00000 0.00000 -0.00000 -0.00000
-0.00000 0.00000 -0.00000 -0.00000
0.00000 0.00000 0.00000 0.00000
0.00000 0.00000 0.00000 0.00000
-0.00000 0.00000 -0.00000 -0.00000
-0.00000 0.00000 -0.00000 -0.00000
0.00000 0.00000 0.00000 0.00000
-0.00000 0.00000 -0.00000 -0.00000
0.00000 0.00000 0.00000 0.00000
-0.00000 0.00000 -0.00000 -0.00000
0.00000 0.00000 0.00000 0.00000
0.00000 0.00000 0.00000 0.00000
-0.00931 0.00000 -0.00931 -0.00931
-0.00000 0.00000 -0.00000 -0.00000
0.00000 0.00000 0.00000 0.00000
