# avg	std	min	max
0.00000 0.00000 0.00000 0.00000
0.00000 0.00000 0.00000 0.00000
0.00000 0.00000 0.00000 0.00000
0.00000 0.00000 0.00000 0.00000
0.00000 0.00000 0.00000 0.00000
-0.00000 0.00000 -0.00000 -0.00000
-0.00000 0.00000 -0.00000 -0.00000
-0.00000 0.00000 -0.00000 -0.00000
0.00000 0.00000 0.00000 0.00000
-0.00000 0.00000 -0.00000 -0.00000
0.00000 0.00000 0.00000 0.00000
0.00000 0.00000 0.00000 0.00000
0.00000 0.00000 0.00000 0.00000
0.00000 0.00000 0.00000 0.00000
0.00000 0.00000 0.00000 0.00000
0.00000 0.00000 0.00000 0.00000
-0.00000 0.00000 -0.00000 -0.00000
0.00351 0.00000 0.00351 0.00351
0.00330 0.00000 0.00330 0.00330
0.00000 0.00000 0.00000 0.00000
