# avg	std	min	max
0.00007 0.00000 0.00007 0.00007
0.00000 0.00000 0.00000 0.00000
0.00000 0.00000 0.00000 0.00000
-0.00017 0.00000 -0.00017 -0.00017
0.00062 0.00000 0.00062 0.00062
0.00030 0.00000 0.00030 0.00030
-0.00101 0.00000 -0.00101 -0.00101
0.00018 0.00000 0.00018 0.00018
0.00000 0.00000 0.00000 0.00000
0.00000 0.00000 0.00000 0.00000
0.00000 0.00000 0.00000 0.00000
0.00000 0.00000 0.00000 0.00000
0.00000 0.00000 0.00000 0.00000
0.00000 0.00000 0.00000 0.00000
0.00000 0.00000 0.00000 0.00000
0.00000 0.00000 0.00000 0.00000
0.00000 0.00000 0.00000 0.00000
0.00381 0.00000 0.00381 0.00381
0.00293 0.00000 0.00293 0.00293
0.00000 0.00000 0.00000 0.00000
