# avg	std	min	max
0.15058 0.00000 0.15058 0.15058
-0.04539 0.00000 -0.04539 -0.04539
-0.16411 0.00000 -0.16411 -0.16411
0.15559 0.00000 0.15559 0.15559
-0.02607 0.00000 -0.02607 -0.02607
0.14258 0.00000 0.14258 0.14258
2.13110 0.00000 2.13110 2.13110
6.71720 0.00000 6.71720 6.71720
0.04549 0.00000 0.04549 0.04549
-0.01798 0.00000 -0.01798 -0.01798
1.62054 0.00000 1.62054 1.62054
-0.00008 0.00000 -0.00008 -0.00008
2.10847 0.00000 2.10847 2.10847
0.14881 0.00000 0.14881 0.14881
-0.01969 0.00000 -0.01969 -0.01969
-0.51411 0.00000 -0.51411 -0.51411
-0.57555 0.00000 -0.57555 -0.57555
2.52576 0.00000 2.52576 2.52576
2.75761 0.00000 2.75761 2.75761
0.22842 0.00000 0.22842 0.22842
