# avg	std	min	max
1.17313 0.00000 1.17313 1.17313
0.95054 0.00000 0.95054 0.95054
0.25687 0.00000 0.25687 0.25687
0.19958 0.00000 0.19958 0.19958
0.14989 0.00000 0.14989 0.14989
0.21247 0.00000 0.21247 0.21247
2.61123 0.00000 2.61123 2.61123
3.03821 0.00000 3.03821 3.03821
0.69249 0.00000 0.69249 0.69249
1.19584 0.00000 1.19584 1.19584
1.24042 0.00000 1.24042 1.24042
-0.01503 0.00000 -0.01503 -0.01503
1.29231 0.00000 1.29231 1.29231
0.04865 0.00000 0.04865 0.04865
0.83775 0.00000 0.83775 0.83775
0.05161 0.00000 0.05161 0.05161
0.56382 0.00000 0.56382 0.56382
1.24040 0.00000 1.24040 1.24040
1.43310 0.00000 1.43310 1.43310
1.45468 0.00000 1.45468 1.45468
