# avg	std	min	max
1.26422 0.00000 1.26422 1.26422
1.44554 0.00000 1.44554 1.44554
1.49456 0.00000 1.49456 1.49456
0.66175 0.00000 0.66175 0.66175
1.14338 0.00000 1.14338 1.14338
-0.03128 0.00000 -0.03128 -0.03128
0.79029 0.00000 0.79029 0.79029
1.95111 0.00000 1.95111 1.95111
1.18229 0.00000 1.18229 1.18229
1.48100 0.00000 1.48100 1.48100
1.25969 0.00000 1.25969 1.25969
1.26074 0.00000 1.26074 1.26074
4.46986 0.00000 4.46986 4.46986
1.25438 0.00000 1.25438 1.25438
0.62623 0.00000 0.62623 0.62623
-0.00466 0.00000 -0.00466 -0.00466
-0.86291 0.00000 -0.86291 -0.86291
1.93403 0.00000 1.93403 1.93403
1.71405 0.00000 1.71405 1.71405
0.01235 0.00000 0.01235 0.01235
