# avg	std	min	max
0.18929 0.00000 0.18929 0.18929
0.16629 0.00000 0.16629 0.16629
0.08775 0.00000 0.08775 0.08775
0.06111 0.00000 0.06111 0.06111
0.05102 0.00000 0.05102 0.05102
0.01893 0.00000 0.01893 0.01893
0.00220 0.00000 0.00220 0.00220
0.50284 0.00000 0.50284 0.50284
0.17541 0.00000 0.17541 0.17541
0.16788 0.00000 0.16788 0.16788
0.10705 0.00000 0.10705 0.10705
0.18309 0.00000 0.18309 0.18309
-0.00241 0.00000 -0.00241 -0.00241
-0.11303 0.00000 -0.11303 -0.11303
-0.21479 0.00000 -0.21479 -0.21479
-0.11671 0.00000 -0.11671 -0.11671
-0.55131 0.00000 -0.55131 -0.55131
0.19159 0.00000 0.19159 0.19159
0.16580 0.00000 0.16580 0.16580
0.02059 0.00000 0.02059 0.02059
