# avg	std	min	max
-0.01184 0.00000 -0.01184 -0.01184
-0.04252 0.00000 -0.04252 -0.04252
-0.03669 0.00000 -0.03669 -0.03669
-0.15480 0.00000 -0.15480 -0.15480
-0.10803 0.00000 -0.10803 -0.10803
-0.24048 0.00000 -0.24048 -0.24048
-0.27806 0.00000 -0.27806 -0.27806
-0.55135 0.00000 -0.55135 -0.55135
-0.03665 0.00000 -0.03665 -0.03665
-0.03104 0.00000 -0.03104 -0.03104
-0.03638 0.00000 -0.03638 -0.03638
-0.02845 0.00000 -0.02845 -0.02845
-0.26426 0.00000 -0.26426 -0.26426
-0.04451 0.00000 -0.04451 -0.04451
-0.04957 0.00000 -0.04957 -0.04957
-0.14198 0.00000 -0.14198 -0.14198
-0.13214 0.00000 -0.13214 -0.13214
0.00346 0.00000 0.00346 0.00346
0.00817 0.00000 0.00817 0.00817
-0.16550 0.00000 -0.16550 -0.16550
