# avg	std	min	max
0.00000 0.00000 0.00000 0.00000
0.00000 0.00000 0.00000 0.00000
0.00000 0.00000 0.00000 0.00000
0.00000 0.00000 0.00000 0.00000
0.00000 0.00000 0.00000 0.00000
0.00000 0.00000 0.00000 0.00000
-0.07088 0.00000 -0.07088 -0.07088
-0.00864 0.00000 -0.00864 -0.00864
-0.04386 0.00000 -0.04386 -0.04386
0.00000 0.00000 0.00000 0.00000
0.00000 0.00000 0.00000 0.00000
0.00000 0.00000 0.00000 0.00000
0.00000 0.00000 0.00000 0.00000
0.00000 0.00000 0.00000 0.00000
0.00000 0.00000 0.00000 0.00000
-0.04892 0.00000 -0.04892 -0.04892
-0.03429 0.00000 -0.03429 -0.03429
0.03239 0.00000 0.03239 0.03239
0.06519 0.00000 0.06519 0.06519
0.00009 0.00000 0.00009 0.00009
