# avg	std	min	max
0.00000 0.00000 0.00000 0.00000
0.00000 0.00000 0.00000 0.00000
0.00000 0.00000 0.00000 0.00000
0.00000 0.00000 0.00000 0.00000
0.00000 0.00000 0.00000 0.00000
0.00000 0.00000 0.00000 0.00000
0.00481 0.00000 0.00481 0.00481
0.00257 0.00000 0.00257 0.00257
0.00000 0.00000 0.00000 0.00000
0.00000 0.00000 0.00000 0.00000
0.00000 0.00000 0.00000 0.00000
0.00000 0.00000 0.00000 0.00000
0.00780 0.00000 0.00780 0.00780
0.00000 0.00000 0.00000 0.00000
0.00014 0.00000 0.00014 0.00014
0.00000 0.00000 0.00000 0.00000
-0.02878 0.00000 -0.02878 -0.02878
0.02222 0.00000 0.02222 0.02222
0.02777 0.00000 0.02777 0.02777
0.00068 0.00000 0.00068 0.00068
