# avg	std	min	max
-0.00033 0.00000 -0.00033 -0.00033
0.00000 0.00000 0.00000 0.00000
0.00000 0.00000 0.00000 0.00000
0.00000 0.00000 0.00000 0.00000
0.00000 0.00000 0.00000 0.00000
0.00000 0.00000 0.00000 0.00000
0.00000 0.00000 0.00000 0.00000
0.00000 0.00000 0.00000 0.00000
0.00000 0.00000 0.00000 0.00000
0.00000 0.00000 0.00000 0.00000
0.00000 0.00000 0.00000 0.00000
0.00000 0.00000 0.00000 0.00000
0.00000 0.00000 0.00000 0.00000
0.00000 0.00000 0.00000 0.00000
0.00000 0.00000 0.00000 0.00000
-0.02074 0.00000 -0.02074 -0.02074
-0.02801 0.00000 -0.02801 -0.02801
0.00479 0.00000 0.00479 0.00479
0.01623 0.00000 0.01623 0.01623
0.00000 0.00000 0.00000 0.00000
