# avg	std	min	max
0.39717 0.00000 0.39717 0.39717
0.36443 0.00000 0.36443 0.36443
0.30030 0.00000 0.30030 0.30030
0.27670 0.00000 0.27670 0.27670
0.28332 0.00000 0.28332 0.28332
0.27439 0.00000 0.27439 0.27439
0.36347 0.00000 0.36347 0.36347
0.32747 0.00000 0.32747 0.32747
0.34770 0.00000 0.34770 0.34770
0.37831 0.00000 0.37831 0.37831
0.32310 0.00000 0.32310 0.32310
0.00811 0.00000 0.00811 0.00811
0.41018 0.00000 0.41018 0.41018
0.00484 0.00000 0.00484 0.00484
-0.00015 0.00000 -0.00015 -0.00015
0.22197 0.00000 0.22197 0.22197
0.21592 0.00000 0.21592 0.21592
0.08715 0.00000 0.08715 0.08715
0.15713 0.00000 0.15713 0.15713
0.07748 0.00000 0.07748 0.07748
