# avg	std	min	max
0.68895 0.00000 0.68895 0.68895
0.72604 0.00000 0.72604 0.72604
0.70813 0.00000 0.70813 0.70813
0.76925 0.00000 0.76925 0.76925
0.81161 0.00000 0.81161 0.81161
0.85733 0.00000 0.85733 0.85733
0.86168 0.00000 0.86168 0.86168
1.18166 0.00000 1.18166 1.18166
0.74216 0.00000 0.74216 0.74216
0.69670 0.00000 0.69670 0.69670
0.61772 0.00000 0.61772 0.61772
0.70064 0.00000 0.70064 0.70064
0.25992 0.00000 0.25992 0.25992
0.75119 0.00000 0.75119 0.75119
1.02419 0.00000 1.02419 1.02419
0.69982 0.00000 0.69982 0.69982
1.16016 0.00000 1.16016 1.16016
0.71475 0.00000 0.71475 0.71475
-0.10127 0.00000 -0.10127 -0.10127
1.12523 0.00000 1.12523 1.12523
