# avg	std	min	max
0.02743 0.00000 0.02743 0.02743
0.01930 0.00000 0.01930 0.01930
0.00002 0.00000 0.00002 0.00002
0.00595 0.00000 0.00595 0.00595
0.00005 0.00000 0.00005 0.00005
0.00018 0.00000 0.00018 0.00018
-0.00192 0.00000 -0.00192 -0.00192
0.00541 0.00000 0.00541 0.00541
0.02195 0.00000 0.02195 0.02195
0.00620 0.00000 0.00620 0.00620
0.00000 0.00000 0.00000 0.00000
0.00194 0.00000 0.00194 0.00194
0.00000 0.00000 0.00000 0.00000
0.00145 0.00000 0.00145 0.00145
0.00000 0.00000 0.00000 0.00000
0.00024 0.00000 0.00024 0.00024
-0.00260 0.00000 -0.00260 -0.00260
0.00000 0.00000 0.00000 0.00000
0.00000 0.00000 0.00000 0.00000
0.00000 0.00000 0.00000 0.00000
