# avg	std	min	max
0.00000 0.00000 0.00000 0.00000
0.00000 0.00000 0.00000 0.00000
0.00000 0.00000 0.00000 0.00000
0.00000 0.00000 0.00000 0.00000
0.00000 0.00000 0.00000 0.00000
0.00000 0.00000 0.00000 0.00000
0.00000 0.00000 0.00000 0.00000
0.00168 0.00000 0.00168 0.00168
-0.00021 0.00000 -0.00021 -0.00021
0.00000 0.00000 0.00000 0.00000
0.00000 0.00000 0.00000 0.00000
0.00000 0.00000 0.00000 0.00000
0.00000 0.00000 0.00000 0.00000
0.00000 0.00000 0.00000 0.00000
0.00000 0.00000 0.00000 0.00000
-0.05189 0.00000 -0.05189 -0.05189
-0.03362 0.00000 -0.03362 -0.03362
0.00059 0.00000 0.00059 0.00059
0.00297 0.00000 0.00297 0.00297
0.00000 0.00000 0.00000 0.00000
