# avg	std	min	max
0.01420 0.00000 0.01420 0.01420
0.00709 0.00000 0.00709 0.00709
0.00004 0.00000 0.00004 0.00004
-0.00692 0.00000 -0.00692 -0.00692
-0.00027 0.00000 -0.00027 -0.00027
-0.00970 0.00000 -0.00970 -0.00970
-0.00872 0.00000 -0.00872 -0.00872
-0.00626 0.00000 -0.00626 -0.00626
0.01532 0.00000 0.01532 0.01532
0.01183 0.00000 0.01183 0.01183
0.00191 0.00000 0.00191 0.00191
0.01182 0.00000 0.01182 0.01182
-0.00322 0.00000 -0.00322 -0.00322
0.00334 0.00000 0.00334 0.00334
0.00149 0.00000 0.00149 0.00149
-0.05349 0.00000 -0.05349 -0.05349
-0.05753 0.00000 -0.05753 -0.05753
0.01543 0.00000 0.01543 0.01543
0.04695 0.00000 0.04695 0.04695
-0.01089 0.00000 -0.01089 -0.01089
