# avg	std	min	max
-0.08980 0.00000 -0.08980 -0.08980
0.00000 0.00000 0.00000 0.00000
0.11408 0.00000 0.11408 0.11408
0.24316 0.00000 0.24316 0.24316
0.15746 0.00000 0.15746 0.15746
0.12166 0.00000 0.12166 0.12166
0.55058 0.00000 0.55058 0.55058
0.98630 0.00000 0.98630 0.98630
0.37282 0.00000 0.37282 0.37282
0.02064 0.00000 0.02064 0.02064
0.08866 0.00000 0.08866 0.08866
0.08036 0.00000 0.08036 0.08036
0.51756 0.00000 0.51756 0.51756
0.16656 0.00000 0.16656 0.16656
0.07280 0.00000 0.07280 0.07280
0.11394 0.00000 0.11394 0.11394
0.09300 0.00000 0.09300 0.09300
0.16900 0.00000 0.16900 0.16900
0.10744 0.00000 0.10744 0.10744
0.45792 0.00000 0.45792 0.45792
