# avg	std	min	max
0.00050 0.00000 0.00050 0.00050
0.00000 0.00000 0.00000 0.00000
-0.00478 0.00000 -0.00478 -0.00478
-0.15994 0.00000 -0.15994 -0.15994
-0.20806 0.00000 -0.20806 -0.20806
-0.00182 0.00000 -0.00182 -0.00182
0.11226 0.00000 0.11226 0.11226
-0.09172 0.00000 -0.09172 -0.09172
0.00000 0.00000 0.00000 0.00000
-0.00050 0.00000 -0.00050 -0.00050
-0.04858 0.00000 -0.04858 -0.04858
0.00000 0.00000 0.00000 0.00000
0.14548 0.00000 0.14548 0.14548
0.03898 0.00000 0.03898 0.03898
0.08890 0.00000 0.08890 0.08890
0.04152 0.00000 0.04152 0.04152
0.27394 0.00000 0.27394 0.27394
0.00792 0.00000 0.00792 0.00792
0.01426 0.00000 0.01426 0.01426
-0.02618 0.00000 -0.02618 -0.02618
