# avg	std	min	max
0.00118 0.00000 0.00118 0.00118
0.00748 0.00000 0.00748 0.00748
0.00186 0.00000 0.00186 0.00186
0.01110 0.00000 0.01110 0.01110
-0.00058 0.00000 -0.00058 -0.00058
-0.10482 0.00000 -0.10482 -0.10482
-0.12300 0.00000 -0.12300 -0.12300
-0.08226 0.00000 -0.08226 -0.08226
-0.01628 0.00000 -0.01628 -0.01628
0.00786 0.00000 0.00786 0.00786
0.01636 0.00000 0.01636 0.01636
0.00000 0.00000 0.00000 0.00000
-0.05786 0.00000 -0.05786 -0.05786
-0.02136 0.00000 -0.02136 -0.02136
-0.00544 0.00000 -0.00544 -0.00544
-0.05756 0.00000 -0.05756 -0.05756
-0.02642 0.00000 -0.02642 -0.02642
-0.07376 0.00000 -0.07376 -0.07376
-0.02078 0.00000 -0.02078 -0.02078
-0.07712 0.00000 -0.07712 -0.07712
