# avg	std	min	max
-0.07576 0.00000 -0.07576 -0.07576
-0.07564 0.00000 -0.07564 -0.07564
-0.07660 0.00000 -0.07660 -0.07660
-0.07476 0.00000 -0.07476 -0.07476
-0.07498 0.00000 -0.07498 -0.07498
-0.07570 0.00000 -0.07570 -0.07570
-0.06950 0.00000 -0.06950 -0.06950
-0.07562 0.00000 -0.07562 -0.07562
-0.05892 0.00000 -0.05892 -0.05892
-0.07594 0.00000 -0.07594 -0.07594
-0.07620 0.00000 -0.07620 -0.07620
-0.07576 0.00000 -0.07576 -0.07576
-0.07146 0.00000 -0.07146 -0.07146
-0.07602 0.00000 -0.07602 -0.07602
-0.07460 0.00000 -0.07460 -0.07460
-0.00022 0.00000 -0.00022 -0.00022
-0.02080 0.00000 -0.02080 -0.02080
-0.12070 0.00000 -0.12070 -0.12070
-0.17482 0.00000 -0.17482 -0.17482
-0.07544 0.00000 -0.07544 -0.07544
