# avg	std	min	max
0.01692 0.00000 0.01692 0.01692
-0.00414 0.00000 -0.00414 -0.00414
0.07808 0.00000 0.07808 0.07808
-0.02208 0.00000 -0.02208 -0.02208
0.02524 0.00000 0.02524 0.02524
0.01528 0.00000 0.01528 0.01528
0.02456 0.00000 0.02456 0.02456
0.19896 0.00000 0.19896 0.19896
0.01072 0.00000 0.01072 0.01072
0.01718 0.00000 0.01718 0.01718
-0.00330 0.00000 -0.00330 -0.00330
0.00920 0.00000 0.00920 0.00920
-0.05714 0.00000 -0.05714 -0.05714
-0.02056 0.00000 -0.02056 -0.02056
0.05430 0.00000 0.05430 0.05430
0.03724 0.00000 0.03724 0.03724
-0.03392 0.00000 -0.03392 -0.03392
-0.03940 0.00000 -0.03940 -0.03940
0.01866 0.00000 0.01866 0.01866
0.05064 0.00000 0.05064 0.05064
