# avg	std	min	max
2.90902 0.00000 2.90902 2.90902
3.15498 0.00000 3.15498 3.15498
1.51686 0.00000 1.51686 1.51686
2.00366 0.00000 2.00366 2.00366
1.18544 0.00000 1.18544 1.18544
2.27278 0.00000 2.27278 2.27278
1.76874 0.00000 1.76874 1.76874
2.03612 0.00000 2.03612 2.03612
2.70564 0.00000 2.70564 2.70564
2.78330 0.00000 2.78330 2.78330
3.01482 0.00000 3.01482 3.01482
1.81190 0.00000 1.81190 1.81190
2.47648 0.00000 2.47648 2.47648
2.37460 0.00000 2.37460 2.37460
2.23518 0.00000 2.23518 2.23518
-0.00880 0.00000 -0.00880 -0.00880
2.43912 0.00000 2.43912 2.43912
2.42800 0.00000 2.42800 2.42800
2.82560 0.00000 2.82560 2.82560
2.20604 0.00000 2.20604 2.20604
