# avg	std	min	max
0.04870 0.00000 0.04870 0.04870
-0.00604 0.00000 -0.00604 -0.00604
-0.09900 0.00000 -0.09900 -0.09900
-0.01502 0.00000 -0.01502 -0.01502
0.07206 0.00000 0.07206 0.07206
-0.01010 0.00000 -0.01010 -0.01010
0.12682 0.00000 0.12682 0.12682
-0.04258 0.00000 -0.04258 -0.04258
-0.00148 0.00000 -0.00148 -0.00148
0.02490 0.00000 0.02490 0.02490
-0.00926 0.00000 -0.00926 -0.00926
-0.00994 0.00000 -0.00994 -0.00994
-0.01832 0.00000 -0.01832 -0.01832
-0.01244 0.00000 -0.01244 -0.01244
-0.01450 0.00000 -0.01450 -0.01450
0.00050 0.00000 0.00050 0.00050
-0.02252 0.00000 -0.02252 -0.02252
-0.15158 0.00000 -0.15158 -0.15158
0.13696 0.00000 0.13696 0.13696
-0.01762 0.00000 -0.01762 -0.01762
