# avg	std	min	max
0.01544 0.00000 0.01544 0.01544
0.01684 0.00000 0.01684 0.01684
0.01650 0.00000 0.01650 0.01650
0.01692 0.00000 0.01692 0.01692
0.01716 0.00000 0.01716 0.01716
0.03252 0.00000 0.03252 0.03252
0.01994 0.00000 0.01994 0.01994
-0.08506 0.00000 -0.08506 -0.08506
0.01426 0.00000 0.01426 0.01426
0.01762 0.00000 0.01762 0.01762
0.01900 0.00000 0.01900 0.01900
0.01888 0.00000 0.01888 0.01888
0.01996 0.00000 0.01996 0.01996
-0.01058 0.00000 -0.01058 -0.01058
0.00720 0.00000 0.00720 0.00720
-0.00874 0.00000 -0.00874 -0.00874
0.00048 0.00000 0.00048 0.00048
0.03730 0.00000 0.03730 0.03730
0.00066 0.00000 0.00066 0.00066
0.00166 0.00000 0.00166 0.00166
