# avg	std	min	max
0.57334 0.00000 0.57334 0.57334
0.39316 0.00000 0.39316 0.39316
0.38528 0.00000 0.38528 0.38528
0.32016 0.00000 0.32016 0.32016
0.33742 0.00000 0.33742 0.33742
0.48010 0.00000 0.48010 0.48010
0.59612 0.00000 0.59612 0.59612
0.76920 0.00000 0.76920 0.76920
0.93998 0.00000 0.93998 0.93998
0.55598 0.00000 0.55598 0.55598
0.44200 0.00000 0.44200 0.44200
0.52450 0.00000 0.52450 0.52450
0.71816 0.00000 0.71816 0.71816
0.61860 0.00000 0.61860 0.61860
-0.00824 0.00000 -0.00824 -0.00824
0.11312 0.00000 0.11312 0.11312
-0.01474 0.00000 -0.01474 -0.01474
0.84662 0.00000 0.84662 0.84662
0.81730 0.00000 0.81730 0.81730
0.72524 0.00000 0.72524 0.72524
