# avg	std	min	max
0.00000 0.00000 0.00000 0.00000
-0.00004 0.00000 -0.00004 -0.00004
-0.00034 0.00000 -0.00034 -0.00034
-0.00004 0.00000 -0.00004 -0.00004
-0.00026 0.00000 -0.00026 -0.00026
-0.00002 0.00000 -0.00002 -0.00002
0.00000 0.00000 0.00000 0.00000
0.00000 0.00000 0.00000 0.00000
-0.00062 0.00000 -0.00062 -0.00062
-0.00004 0.00000 -0.00004 -0.00004
-0.00022 0.00000 -0.00022 -0.00022
-0.00002 0.00000 -0.00002 -0.00002
0.00000 0.00000 0.00000 0.00000
-0.00012 0.00000 -0.00012 -0.00012
-0.00022 0.00000 -0.00022 -0.00022
-0.00020 0.00000 -0.00020 -0.00020
-0.00004 0.00000 -0.00004 -0.00004
-0.00024 0.00000 -0.00024 -0.00024
0.00000 0.00000 0.00000 0.00000
-0.00002 0.00000 -0.00002 -0.00002
