# avg	std	min	max
0.02126 0.00000 0.02126 0.02126
-0.01706 0.00000 -0.01706 -0.01706
-0.00306 0.00000 -0.00306 -0.00306
-0.00116 0.00000 -0.00116 -0.00116
0.01240 0.00000 0.01240 0.01240
0.03812 0.00000 0.03812 0.03812
0.00404 0.00000 0.00404 0.00404
0.09810 0.00000 0.09810 0.09810
0.31098 0.00000 0.31098 0.31098
-0.02754 0.00000 -0.02754 -0.02754
-0.03434 0.00000 -0.03434 -0.03434
-0.03042 0.00000 -0.03042 -0.03042
0.01086 0.00000 0.01086 0.01086
-0.12858 0.00000 -0.12858 -0.12858
0.07776 0.00000 0.07776 0.07776
0.01382 0.00000 0.01382 0.01382
0.08720 0.00000 0.08720 0.08720
0.01138 0.00000 0.01138 0.01138
0.00050 0.00000 0.00050 0.00050
-0.00700 0.00000 -0.00700 -0.00700
