# avg	std	min	max
-0.13092 0.00000 -0.13092 -0.13092
-0.09258 0.00000 -0.09258 -0.09258
-0.08006 0.00000 -0.08006 -0.08006
-0.01712 0.00000 -0.01712 -0.01712
-0.04032 0.00000 -0.04032 -0.04032
-0.03200 0.00000 -0.03200 -0.03200
0.00000 0.00000 0.00000 0.00000
-0.02214 0.00000 -0.02214 -0.02214
-0.06314 0.00000 -0.06314 -0.06314
-0.10002 0.00000 -0.10002 -0.10002
-0.08906 0.00000 -0.08906 -0.08906
-0.06210 0.00000 -0.06210 -0.06210
-0.01292 0.00000 -0.01292 -0.01292
-0.03796 0.00000 -0.03796 -0.03796
0.07004 0.00000 0.07004 0.07004
-0.31010 0.00000 -0.31010 -0.31010
-0.29492 0.00000 -0.29492 -0.29492
-0.04890 0.00000 -0.04890 -0.04890
-0.09788 0.00000 -0.09788 -0.09788
-0.01778 0.00000 -0.01778 -0.01778
