# avg	std	min	max
0.00000 0.00000 0.00000 0.00000
-0.15850 0.00000 -0.15850 -0.15850
-0.67936 0.00000 -0.67936 -0.67936
-0.66952 0.00000 -0.66952 -0.66952
-0.44474 0.00000 -0.44474 -0.44474
-0.53800 0.00000 -0.53800 -0.53800
1.02922 0.00000 1.02922 1.02922
2.63890 0.00000 2.63890 2.63890
-0.38154 0.00000 -0.38154 -0.38154
0.12382 0.00000 0.12382 0.12382
-0.25652 0.00000 -0.25652 -0.25652
-0.31912 0.00000 -0.31912 -0.31912
1.44316 0.00000 1.44316 1.44316
-1.12742 0.00000 -1.12742 -1.12742
-0.88648 0.00000 -0.88648 -0.88648
1.09952 0.00000 1.09952 1.09952
-0.18124 0.00000 -0.18124 -0.18124
-0.20896 0.00000 -0.20896 -0.20896
-0.24440 0.00000 -0.24440 -0.24440
-0.23050 0.00000 -0.23050 -0.23050
