# avg	std	min	max
0.00000 0.00000 0.00000 0.00000
1.00394 0.00000 1.00394 1.00394
2.21866 0.00000 2.21866 2.21866
0.99136 0.00000 0.99136 0.99136
2.23974 0.00000 2.23974 2.23974
1.21234 0.00000 1.21234 1.21234
1.48184 0.00000 1.48184 1.48184
2.00854 0.00000 2.00854 2.00854
2.33772 0.00000 2.33772 2.33772
1.76624 0.00000 1.76624 1.76624
2.22668 0.00000 2.22668 2.22668
1.21876 0.00000 1.21876 1.21876
1.51576 0.00000 1.51576 1.51576
0.96148 0.00000 0.96148 0.96148
1.22702 0.00000 1.22702 1.22702
0.39398 0.00000 0.39398 0.39398
1.33344 0.00000 1.33344 1.33344
1.18556 0.00000 1.18556 1.18556
1.47128 0.00000 1.47128 1.47128
2.00768 0.00000 2.00768 2.00768
