# avg	std	min	max
0.48514 0.00000 0.48514 0.48514
0.11844 0.00000 0.11844 0.11844
-0.40714 0.00000 -0.40714 -0.40714
-0.65200 0.00000 -0.65200 -0.65200
-0.14412 0.00000 -0.14412 -0.14412
-0.85908 0.00000 -0.85908 -0.85908
-1.20868 0.00000 -1.20868 -1.20868
-1.10136 0.00000 -1.10136 -1.10136
-0.07396 0.00000 -0.07396 -0.07396
0.03334 0.00000 0.03334 0.03334
-0.53532 0.00000 -0.53532 -0.53532
-0.24190 0.00000 -0.24190 -0.24190
-0.77838 0.00000 -0.77838 -0.77838
0.02984 0.00000 0.02984 0.02984
0.19302 0.00000 0.19302 0.19302
0.55114 0.00000 0.55114 0.55114
0.80542 0.00000 0.80542 0.80542
-0.00976 0.00000 -0.00976 -0.00976
0.06988 0.00000 0.06988 0.06988
-0.02996 0.00000 -0.02996 -0.02996
