# avg	std	min	max
-0.00126 0.00000 -0.00126 -0.00126
-0.00030 0.00000 -0.00030 -0.00030
-0.00008 0.00000 -0.00008 -0.00008
-0.00070 0.00000 -0.00070 -0.00070
0.00000 0.00000 0.00000 0.00000
0.00008 0.00000 0.00008 0.00008
-0.00040 0.00000 -0.00040 -0.00040
0.01850 0.00000 0.01850 0.01850
-0.00080 0.00000 -0.00080 -0.00080
-0.00050 0.00000 -0.00050 -0.00050
0.00030 0.00000 0.00030 0.00030
-0.00040 0.00000 -0.00040 -0.00040
-0.00018 0.00000 -0.00018 -0.00018
-0.00070 0.00000 -0.00070 -0.00070
0.00008 0.00000 0.00008 0.00008
-0.02050 0.00000 -0.02050 -0.02050
-0.01458 0.00000 -0.01458 -0.01458
0.00924 0.00000 0.00924 0.00924
0.00756 0.00000 0.00756 0.00756
-0.00058 0.00000 -0.00058 -0.00058
