# avg	std	min	max
-0.00864 0.00000 -0.00864 -0.00864
-0.00810 0.00000 -0.00810 -0.00810
-0.00570 0.00000 -0.00570 -0.00570
-0.00156 0.00000 -0.00156 -0.00156
-0.00018 0.00000 -0.00018 -0.00018
0.05720 0.00000 0.05720 0.05720
0.02172 0.00000 0.02172 0.02172
-0.01444 0.00000 -0.01444 -0.01444
0.11592 0.00000 0.11592 0.11592
-0.00618 0.00000 -0.00618 -0.00618
-0.00692 0.00000 -0.00692 -0.00692
-0.00626 0.00000 -0.00626 -0.00626
0.00588 0.00000 0.00588 0.00588
-0.00562 0.00000 -0.00562 -0.00562
0.00406 0.00000 0.00406 0.00406
0.02322 0.00000 0.02322 0.02322
0.04148 0.00000 0.04148 0.04148
0.02008 0.00000 0.02008 0.02008
0.04178 0.00000 0.04178 0.04178
0.01286 0.00000 0.01286 0.01286
