# avg	std	min	max
0.07008 0.00000 0.07008 0.07008
-0.00662 0.00000 -0.00662 -0.00662
0.00000 0.00000 0.00000 0.00000
0.00006 0.00000 0.00006 0.00006
0.00000 0.00000 0.00000 0.00000
-0.00376 0.00000 -0.00376 -0.00376
0.00476 0.00000 0.00476 0.00476
0.11858 0.00000 0.11858 0.11858
0.35048 0.00000 0.35048 0.35048
0.00000 0.00000 0.00000 0.00000
0.00000 0.00000 0.00000 0.00000
-0.00306 0.00000 -0.00306 -0.00306
0.05102 0.00000 0.05102 0.05102
0.14012 0.00000 0.14012 0.14012
-0.00768 0.00000 -0.00768 -0.00768
0.34960 0.00000 0.34960 0.34960
-0.00060 0.00000 -0.00060 -0.00060
-0.01330 0.00000 -0.01330 -0.01330
-0.00874 0.00000 -0.00874 -0.00874
-0.00658 0.00000 -0.00658 -0.00658
