# avg	std	min	max
-0.00212 0.00000 -0.00212 -0.00212
-0.00724 0.00000 -0.00724 -0.00724
-0.00480 0.00000 -0.00480 -0.00480
0.00520 0.00000 0.00520 0.00520
-0.00258 0.00000 -0.00258 -0.00258
-0.00340 0.00000 -0.00340 -0.00340
-0.00036 0.00000 -0.00036 -0.00036
0.00092 0.00000 0.00092 0.00092
-0.00608 0.00000 -0.00608 -0.00608
0.00086 0.00000 0.00086 0.00086
0.00094 0.00000 0.00094 0.00094
-0.00498 0.00000 -0.00498 -0.00498
-0.00108 0.00000 -0.00108 -0.00108
0.00094 0.00000 0.00094 0.00094
0.00088 0.00000 0.00088 0.00088
-0.01288 0.00000 -0.01288 -0.01288
-0.00630 0.00000 -0.00630 -0.00630
-0.00018 0.00000 -0.00018 -0.00018
-0.01768 0.00000 -0.01768 -0.01768
-0.00338 0.00000 -0.00338 -0.00338
