# avg	std	min	max
-0.00370 0.00000 -0.00370 -0.00370
0.00204 0.00000 0.00204 0.00204
0.00586 0.00000 0.00586 0.00586
0.00360 0.00000 0.00360 0.00360
0.01008 0.00000 0.01008 0.01008
0.01280 0.00000 0.01280 0.01280
0.01004 0.00000 0.01004 0.01004
0.00228 0.00000 0.00228 0.00228
0.00228 0.00000 0.00228 0.00228
0.00556 0.00000 0.00556 0.00556
0.00728 0.00000 0.00728 0.00728
0.01408 0.00000 0.01408 0.01408
-0.23646 0.00000 -0.23646 -0.23646
0.00410 0.00000 0.00410 0.00410
-0.00576 0.00000 -0.00576 -0.00576
0.00172 0.00000 0.00172 0.00172
0.00096 0.00000 0.00096 0.00096
0.00010 0.00000 0.00010 0.00010
0.00270 0.00000 0.00270 0.00270
0.00424 0.00000 0.00424 0.00424
