# avg	std	min	max
0.00000 0.00000 0.00000 0.00000
0.00000 0.00000 0.00000 0.00000
-0.02336 0.00000 -0.02336 -0.02336
-0.07272 0.00000 -0.07272 -0.07272
-0.03164 0.00000 -0.03164 -0.03164
-0.17622 0.00000 -0.17622 -0.17622
-0.04606 0.00000 -0.04606 -0.04606
-0.15430 0.00000 -0.15430 -0.15430
-0.05392 0.00000 -0.05392 -0.05392
0.00000 0.00000 0.00000 0.00000
-0.01396 0.00000 -0.01396 -0.01396
-0.02310 0.00000 -0.02310 -0.02310
0.00000 0.00000 0.00000 0.00000
0.00000 0.00000 0.00000 0.00000
-0.06596 0.00000 -0.06596 -0.06596
-0.01752 0.00000 -0.01752 -0.01752
-0.03126 0.00000 -0.03126 -0.03126
0.00000 0.00000 0.00000 0.00000
-0.00648 0.00000 -0.00648 -0.00648
0.00000 0.00000 0.00000 0.00000
