# avg	std	min	max
0.85240 0.00000 0.85240 0.85240
-0.05754 0.00000 -0.05754 -0.05754
-0.86162 0.00000 -0.86162 -0.86162
-1.71190 0.00000 -1.71190 -1.71190
-1.39154 0.00000 -1.39154 -1.39154
-1.27502 0.00000 -1.27502 -1.27502
-0.33982 0.00000 -0.33982 -0.33982
-0.55536 0.00000 -0.55536 -0.55536
3.41432 0.00000 3.41432 3.41432
0.33388 0.00000 0.33388 0.33388
0.65918 0.00000 0.65918 0.65918
-0.13926 0.00000 -0.13926 -0.13926
-0.35618 0.00000 -0.35618 -0.35618
-0.64878 0.00000 -0.64878 -0.64878
-0.09928 0.00000 -0.09928 -0.09928
-1.05998 0.00000 -1.05998 -1.05998
-0.86928 0.00000 -0.86928 -0.86928
0.07240 0.00000 0.07240 0.07240
0.45434 0.00000 0.45434 0.45434
0.08116 0.00000 0.08116 0.08116
