# avg	std	min	max
1.13122 0.00000 1.13122 1.13122
1.05414 0.00000 1.05414 1.05414
0.72416 0.00000 0.72416 0.72416
-0.00328 0.00000 -0.00328 -0.00328
0.21572 0.00000 0.21572 0.21572
-0.42190 0.00000 -0.42190 -0.42190
0.14290 0.00000 0.14290 0.14290
3.61938 0.00000 3.61938 3.61938
1.27654 0.00000 1.27654 1.27654
1.25080 0.00000 1.25080 1.25080
0.85280 0.00000 0.85280 0.85280
0.76322 0.00000 0.76322 0.76322
0.42500 0.00000 0.42500 0.42500
0.40650 0.00000 0.40650 0.40650
1.23330 0.00000 1.23330 1.23330
2.08742 0.00000 2.08742 2.08742
1.92346 0.00000 1.92346 1.92346
0.51968 0.00000 0.51968 0.51968
0.61320 0.00000 0.61320 0.61320
-0.29596 0.00000 -0.29596 -0.29596
