# avg	std	min	max
0.00000 0.00000 0.00000 0.00000
0.00000 0.00000 0.00000 0.00000
0.00000 0.00000 0.00000 0.00000
0.00000 0.00000 0.00000 0.00000
0.00000 0.00000 0.00000 0.00000
-0.06004 0.00000 -0.06004 -0.06004
-0.03318 0.00000 -0.03318 -0.03318
0.07666 0.00000 0.07666 0.07666
0.00000 0.00000 0.00000 0.00000
0.00000 0.00000 0.00000 0.00000
0.00000 0.00000 0.00000 0.00000
0.00000 0.00000 0.00000 0.00000
0.02838 0.00000 0.02838 0.02838
0.00000 0.00000 0.00000 0.00000
-0.00450 0.00000 -0.00450 -0.00450
-0.05176 0.00000 -0.05176 -0.05176
-0.12218 0.00000 -0.12218 -0.12218
0.05744 0.00000 0.05744 0.05744
0.04708 0.00000 0.04708 0.04708
0.00000 0.00000 0.00000 0.00000
