# avg	std	min	max
-0.04352 0.00000 -0.04352 -0.04352
-0.02846 0.00000 -0.02846 -0.02846
0.03042 0.00000 0.03042 0.03042
0.01132 0.00000 0.01132 0.01132
0.03414 0.00000 0.03414 0.03414
-0.00894 0.00000 -0.00894 -0.00894
-0.00068 0.00000 -0.00068 -0.00068
0.21194 0.00000 0.21194 0.21194
0.11106 0.00000 0.11106 0.11106
-0.00894 0.00000 -0.00894 -0.00894
-0.01352 0.00000 -0.01352 -0.01352
-0.02494 0.00000 -0.02494 -0.02494
0.10712 0.00000 0.10712 0.10712
-0.01772 0.00000 -0.01772 -0.01772
-0.02124 0.00000 -0.02124 -0.02124
-0.08938 0.00000 -0.08938 -0.08938
-0.02610 0.00000 -0.02610 -0.02610
-0.04616 0.00000 -0.04616 -0.04616
0.10330 0.00000 0.10330 0.10330
-0.01664 0.00000 -0.01664 -0.01664
