# avg	std	min	max
0.00000 0.00000 0.00000 0.00000
0.00000 0.00000 0.00000 0.00000
0.00000 0.00000 0.00000 0.00000
0.00000 0.00000 0.00000 0.00000
0.00000 0.00000 0.00000 0.00000
0.00000 0.00000 0.00000 0.00000
0.00000 0.00000 0.00000 0.00000
0.00000 0.00000 0.00000 0.00000
-0.02920 0.00000 -0.02920 -0.02920
0.00006 0.00000 0.00006 0.00006
0.00000 0.00000 0.00000 0.00000
0.00000 0.00000 0.00000 0.00000
0.01044 0.00000 0.01044 0.01044
0.00000 0.00000 0.00000 0.00000
0.00000 0.00000 0.00000 0.00000
0.00620 0.00000 0.00620 0.00620
0.00240 0.00000 0.00240 0.00240
-0.01446 0.00000 -0.01446 -0.01446
0.00260 0.00000 0.00260 0.00260
0.00000 0.00000 0.00000 0.00000
