# avg	std	min	max
0.04174 0.00000 0.04174 0.04174
0.05978 0.00000 0.05978 0.05978
-0.02678 0.00000 -0.02678 -0.02678
0.10338 0.00000 0.10338 0.10338
0.07662 0.00000 0.07662 0.07662
0.14278 0.00000 0.14278 0.14278
0.14964 0.00000 0.14964 0.14964
-0.34250 0.00000 -0.34250 -0.34250
-0.00466 0.00000 -0.00466 -0.00466
0.04494 0.00000 0.04494 0.04494
0.02972 0.00000 0.02972 0.02972
0.00930 0.00000 0.00930 0.00930
-0.68866 0.00000 -0.68866 -0.68866
0.00000 0.00000 0.00000 0.00000
0.20274 0.00000 0.20274 0.20274
0.10956 0.00000 0.10956 0.10956
0.55578 0.00000 0.55578 0.55578
-0.09844 0.00000 -0.09844 -0.09844
-0.62290 0.00000 -0.62290 -0.62290
-0.55294 0.00000 -0.55294 -0.55294
