# avg	std	min	max
0.01468 0.00000 0.01468 0.01468
0.02760 0.00000 0.02760 0.02760
-0.00064 0.00000 -0.00064 -0.00064
0.00786 0.00000 0.00786 0.00786
-0.00298 0.00000 -0.00298 -0.00298
0.01134 0.00000 0.01134 0.01134
0.01366 0.00000 0.01366 0.01366
0.01264 0.00000 0.01264 0.01264
0.02060 0.00000 0.02060 0.02060
0.02464 0.00000 0.02464 0.02464
0.01018 0.00000 0.01018 0.01018
0.00296 0.00000 0.00296 0.00296
0.00514 0.00000 0.00514 0.00514
0.00002 0.00000 0.00002 0.00002
0.00464 0.00000 0.00464 0.00464
0.03798 0.00000 0.03798 0.03798
0.04324 0.00000 0.04324 0.04324
0.01168 0.00000 0.01168 0.01168
0.01254 0.00000 0.01254 0.01254
0.01590 0.00000 0.01590 0.01590
