# avg	std	min	max
-0.02970 0.00000 -0.02970 -0.02970
0.05300 0.00000 0.05300 0.05300
-0.00700 0.00000 -0.00700 -0.00700
-0.00638 0.00000 -0.00638 -0.00638
0.03010 0.00000 0.03010 0.03010
-0.02466 0.00000 -0.02466 -0.02466
0.03984 0.00000 0.03984 0.03984
0.01514 0.00000 0.01514 0.01514
-0.14040 0.00000 -0.14040 -0.14040
-0.02560 0.00000 -0.02560 -0.02560
0.03828 0.00000 0.03828 0.03828
0.00430 0.00000 0.00430 0.00430
0.03852 0.00000 0.03852 0.03852
-0.00582 0.00000 -0.00582 -0.00582
-0.00060 0.00000 -0.00060 -0.00060
-0.03352 0.00000 -0.03352 -0.03352
-0.00700 0.00000 -0.00700 -0.00700
-0.03230 0.00000 -0.03230 -0.03230
-0.14094 0.00000 -0.14094 -0.14094
0.03960 0.00000 0.03960 0.03960
