# avg	std	min	max
0.00002 0.00000 0.00002 0.00002
0.00000 0.00000 0.00000 0.00000
0.00000 0.00000 0.00000 0.00000
0.00000 0.00000 0.00000 0.00000
0.00000 0.00000 0.00000 0.00000
0.00000 0.00000 0.00000 0.00000
0.00000 0.00000 0.00000 0.00000
-0.00026 0.00000 -0.00026 -0.00026
0.00000 0.00000 0.00000 0.00000
0.00000 0.00000 0.00000 0.00000
0.00010 0.00000 0.00010 0.00010
-0.00066 0.00000 -0.00066 -0.00066
-0.00010 0.00000 -0.00010 -0.00010
0.00000 0.00000 0.00000 0.00000
0.00000 0.00000 0.00000 0.00000
0.00000 0.00000 0.00000 0.00000
0.00000 0.00000 0.00000 0.00000
0.00000 0.00000 0.00000 0.00000
-0.00012 0.00000 -0.00012 -0.00012
0.00000 0.00000 0.00000 0.00000
