# avg	std	min	max
-0.48086 0.00000 -0.48086 -0.48086
-0.46102 0.00000 -0.46102 -0.46102
-0.33940 0.00000 -0.33940 -0.33940
-0.11656 0.00000 -0.11656 -0.11656
-0.33276 0.00000 -0.33276 -0.33276
-0.34076 0.00000 -0.34076 -0.34076
0.30274 0.00000 0.30274 0.30274
-0.26156 0.00000 -0.26156 -0.26156
0.08050 0.00000 0.08050 0.08050
-0.65764 0.00000 -0.65764 -0.65764
-0.50356 0.00000 -0.50356 -0.50356
-0.38542 0.00000 -0.38542 -0.38542
0.36434 0.00000 0.36434 0.36434
0.08166 0.00000 0.08166 0.08166
-0.00060 0.00000 -0.00060 -0.00060
-0.03836 0.00000 -0.03836 -0.03836
-0.06318 0.00000 -0.06318 -0.06318
0.03396 0.00000 0.03396 0.03396
-1.33116 0.00000 -1.33116 -1.33116
0.05942 0.00000 0.05942 0.05942
