# avg	std	min	max
0.08596 0.00000 0.08596 0.08596
0.04298 0.00000 0.04298 0.04298
0.05964 0.00000 0.05964 0.05964
0.22336 0.00000 0.22336 0.22336
0.14624 0.00000 0.14624 0.14624
0.22014 0.00000 0.22014 0.22014
0.45208 0.00000 0.45208 0.45208
0.58848 0.00000 0.58848 0.58848
0.07226 0.00000 0.07226 0.07226
-0.02090 0.00000 -0.02090 -0.02090
0.10788 0.00000 0.10788 0.10788
0.04052 0.00000 0.04052 0.04052
0.16352 0.00000 0.16352 0.16352
0.12270 0.00000 0.12270 0.12270
-0.00254 0.00000 -0.00254 -0.00254
-0.22754 0.00000 -0.22754 -0.22754
-0.29758 0.00000 -0.29758 -0.29758
0.54314 0.00000 0.54314 0.54314
0.71294 0.00000 0.71294 0.71294
0.03386 0.00000 0.03386 0.03386
