# avg	std	min	max
2.18322 0.00000 2.18322 2.18322
1.83778 0.00000 1.83778 1.83778
1.63910 0.00000 1.63910 1.63910
1.14380 0.00000 1.14380 1.14380
1.31778 0.00000 1.31778 1.31778
0.72122 0.00000 0.72122 0.72122
1.60796 0.00000 1.60796 1.60796
0.72352 0.00000 0.72352 0.72352
2.36286 0.00000 2.36286 2.36286
1.66454 0.00000 1.66454 1.66454
1.87662 0.00000 1.87662 1.87662
1.85344 0.00000 1.85344 1.85344
1.12846 0.00000 1.12846 1.12846
1.88178 0.00000 1.88178 1.88178
2.19144 0.00000 2.19144 2.19144
2.68994 0.00000 2.68994 2.68994
2.75334 0.00000 2.75334 2.75334
2.03044 0.00000 2.03044 2.03044
-0.12648 0.00000 -0.12648 -0.12648
1.54248 0.00000 1.54248 1.54248
