# avg	std	min	max
0.69172 0.00000 0.69172 0.69172
0.47562 0.00000 0.47562 0.47562
0.22958 0.00000 0.22958 0.22958
-0.64304 0.00000 -0.64304 -0.64304
2.68944 0.00000 2.68944 2.68944
-0.87600 0.00000 -0.87600 -0.87600
-0.53206 0.00000 -0.53206 -0.53206
-0.15898 0.00000 -0.15898 -0.15898
0.49886 0.00000 0.49886 0.49886
0.87002 0.00000 0.87002 0.87002
0.17972 0.00000 0.17972 0.17972
0.39610 0.00000 0.39610 0.39610
-0.00076 0.00000 -0.00076 -0.00076
1.03712 0.00000 1.03712 1.03712
0.65044 0.00000 0.65044 0.65044
0.93824 0.00000 0.93824 0.93824
1.96206 0.00000 1.96206 1.96206
-0.47454 0.00000 -0.47454 -0.47454
-0.03196 0.00000 -0.03196 -0.03196
0.21382 0.00000 0.21382 0.21382
