# avg	std	min	max
0.00720 0.00000 0.00720 0.00720
0.00840 0.00000 0.00840 0.00840
0.00288 0.00000 0.00288 0.00288
0.00128 0.00000 0.00128 0.00128
0.00174 0.00000 0.00174 0.00174
0.00006 0.00000 0.00006 0.00006
-0.00168 0.00000 -0.00168 -0.00168
0.00226 0.00000 0.00226 0.00226
0.00342 0.00000 0.00342 0.00342
0.00672 0.00000 0.00672 0.00672
0.00346 0.00000 0.00346 0.00346
0.00314 0.00000 0.00314 0.00314
0.04522 0.00000 0.04522 0.04522
0.00168 0.00000 0.00168 0.00168
0.00114 0.00000 0.00114 0.00114
0.00446 0.00000 0.00446 0.00446
0.00060 0.00000 0.00060 0.00060
0.00034 0.00000 0.00034 0.00034
0.00004 0.00000 0.00004 0.00004
0.00146 0.00000 0.00146 0.00146
