# avg	std	min	max
0.39900 0.00000 0.39900 0.39900
0.38352 0.00000 0.38352 0.38352
0.36030 0.00000 0.36030 0.36030
0.38064 0.00000 0.38064 0.38064
0.44638 0.00000 0.44638 0.44638
0.18898 0.00000 0.18898 0.18898
0.74130 0.00000 0.74130 0.74130
0.33106 0.00000 0.33106 0.33106
0.31408 0.00000 0.31408 0.31408
0.26562 0.00000 0.26562 0.26562
0.36274 0.00000 0.36274 0.36274
0.31320 0.00000 0.31320 0.31320
1.64548 0.00000 1.64548 1.64548
0.29794 0.00000 0.29794 0.29794
0.50954 0.00000 0.50954 0.50954
0.57776 0.00000 0.57776 0.57776
0.48596 0.00000 0.48596 0.48596
0.39910 0.00000 0.39910 0.39910
0.00000 0.00000 0.00000 0.00000
0.49396 0.00000 0.49396 0.49396
