# avg	std	min	max
0.11596 0.00000 0.11596 0.11596
-0.09904 0.00000 -0.09904 -0.09904
-0.16180 0.00000 -0.16180 -0.16180
0.00588 0.00000 0.00588 0.00588
0.01036 0.00000 0.01036 0.01036
-0.29446 0.00000 -0.29446 -0.29446
0.03586 0.00000 0.03586 0.03586
-0.03620 0.00000 -0.03620 -0.03620
-0.00414 0.00000 -0.00414 -0.00414
-0.01296 0.00000 -0.01296 -0.01296
-0.12844 0.00000 -0.12844 -0.12844
-0.01380 0.00000 -0.01380 -0.01380
-0.08146 0.00000 -0.08146 -0.08146
0.02558 0.00000 0.02558 0.02558
0.04170 0.00000 0.04170 0.04170
-0.08062 0.00000 -0.08062 -0.08062
-0.09012 0.00000 -0.09012 -0.09012
-0.04336 0.00000 -0.04336 -0.04336
0.09206 0.00000 0.09206 0.09206
-0.16450 0.00000 -0.16450 -0.16450
