# avg	std	min	max
-0.00550 0.00000 -0.00550 -0.00550
-0.00040 0.00000 -0.00040 -0.00040
-0.00216 0.00000 -0.00216 -0.00216
-0.00592 0.00000 -0.00592 -0.00592
-0.00410 0.00000 -0.00410 -0.00410
-0.00076 0.00000 -0.00076 -0.00076
-0.11906 0.00000 -0.11906 -0.11906
-0.06410 0.00000 -0.06410 -0.06410
-0.00726 0.00000 -0.00726 -0.00726
0.00000 0.00000 0.00000 0.00000
-0.00694 0.00000 -0.00694 -0.00694
-0.00232 0.00000 -0.00232 -0.00232
-0.12828 0.00000 -0.12828 -0.12828
0.00210 0.00000 0.00210 0.00210
0.00164 0.00000 0.00164 0.00164
-0.02566 0.00000 -0.02566 -0.02566
-0.01278 0.00000 -0.01278 -0.01278
-0.00446 0.00000 -0.00446 -0.00446
-0.01834 0.00000 -0.01834 -0.01834
0.00450 0.00000 0.00450 0.00450
