# avg	std	min	max
0.09378 0.00000 0.09378 0.09378
-0.27368 0.00000 -0.27368 -0.27368
0.57100 0.00000 0.57100 0.57100
2.84994 0.00000 2.84994 2.84994
1.22666 0.00000 1.22666 1.22666
1.62040 0.00000 1.62040 1.62040
1.29738 0.00000 1.29738 1.29738
5.84252 0.00000 5.84252 5.84252
-0.69710 0.00000 -0.69710 -0.69710
-0.00014 0.00000 -0.00014 -0.00014
0.03882 0.00000 0.03882 0.03882
-0.26572 0.00000 -0.26572 -0.26572
0.76350 0.00000 0.76350 0.76350
0.36642 0.00000 0.36642 0.36642
-0.24348 0.00000 -0.24348 -0.24348
2.17310 0.00000 2.17310 2.17310
2.63162 0.00000 2.63162 2.63162
1.85474 0.00000 1.85474 1.85474
2.04314 0.00000 2.04314 2.04314
2.34454 0.00000 2.34454 2.34454
