# avg	std	min	max
-0.00300 0.00000 -0.00300 -0.00300
0.01972 0.00000 0.01972 0.01972
0.04882 0.00000 0.04882 0.04882
0.02402 0.00000 0.02402 0.02402
0.03202 0.00000 0.03202 0.03202
0.02162 0.00000 0.02162 0.02162
0.01342 0.00000 0.01342 0.01342
0.02220 0.00000 0.02220 0.02220
-0.00324 0.00000 -0.00324 -0.00324
-0.00004 0.00000 -0.00004 -0.00004
0.03552 0.00000 0.03552 0.03552
0.01664 0.00000 0.01664 0.01664
0.01920 0.00000 0.01920 0.01920
0.01646 0.00000 0.01646 0.01646
0.01396 0.00000 0.01396 0.01396
0.06692 0.00000 0.06692 0.06692
0.01762 0.00000 0.01762 0.01762
0.02308 0.00000 0.02308 0.02308
0.04076 0.00000 0.04076 0.04076
0.01856 0.00000 0.01856 0.01856
