# avg	std	min	max
-0.01290 0.00000 -0.01290 -0.01290
0.02316 0.00000 0.02316 0.02316
-0.02616 0.00000 -0.02616 -0.02616
-0.00758 0.00000 -0.00758 -0.00758
-0.03484 0.00000 -0.03484 -0.03484
-0.00288 0.00000 -0.00288 -0.00288
0.01726 0.00000 0.01726 0.01726
0.02160 0.00000 0.02160 0.02160
0.04068 0.00000 0.04068 0.04068
0.02040 0.00000 0.02040 0.02040
0.00024 0.00000 0.00024 0.00024
-0.00582 0.00000 -0.00582 -0.00582
0.00676 0.00000 0.00676 0.00676
0.01378 0.00000 0.01378 0.01378
0.01936 0.00000 0.01936 0.01936
0.01718 0.00000 0.01718 0.01718
0.01582 0.00000 0.01582 0.01582
-0.00674 0.00000 -0.00674 -0.00674
-0.00032 0.00000 -0.00032 -0.00032
0.01934 0.00000 0.01934 0.01934
