# avg	std	min	max
1.68360 0.00000 1.68360 1.68360
0.62234 0.00000 0.62234 0.62234
-0.17018 0.00000 -0.17018 -0.17018
-0.11316 0.00000 -0.11316 -0.11316
0.47200 0.00000 0.47200 0.47200
-0.32774 0.00000 -0.32774 -0.32774
-1.47856 0.00000 -1.47856 -1.47856
-0.44018 0.00000 -0.44018 -0.44018
0.93728 0.00000 0.93728 0.93728
0.61490 0.00000 0.61490 0.61490
0.00668 0.00000 0.00668 0.00668
-0.07764 0.00000 -0.07764 -0.07764
-0.96842 0.00000 -0.96842 -0.96842
-0.44292 0.00000 -0.44292 -0.44292
-0.00542 0.00000 -0.00542 -0.00542
-0.82382 0.00000 -0.82382 -0.82382
0.60574 0.00000 0.60574 0.60574
-0.04452 0.00000 -0.04452 -0.04452
-0.30928 0.00000 -0.30928 -0.30928
0.64212 0.00000 0.64212 0.64212
