# avg	std	min	max
-0.00540 0.00000 -0.00540 -0.00540
-0.00550 0.00000 -0.00550 -0.00550
0.00006 0.00000 0.00006 0.00006
-0.00400 0.00000 -0.00400 -0.00400
0.00136 0.00000 0.00136 0.00136
-0.00356 0.00000 -0.00356 -0.00356
-0.00376 0.00000 -0.00376 -0.00376
-0.00376 0.00000 -0.00376 -0.00376
-0.00614 0.00000 -0.00614 -0.00614
-0.00548 0.00000 -0.00548 -0.00548
-0.00552 0.00000 -0.00552 -0.00552
0.00498 0.00000 0.00498 0.00498
-0.00350 0.00000 -0.00350 -0.00350
0.00756 0.00000 0.00756 0.00756
-0.00520 0.00000 -0.00520 -0.00520
-0.00530 0.00000 -0.00530 -0.00530
0.04456 0.00000 0.04456 0.04456
0.01170 0.00000 0.01170 0.01170
0.01560 0.00000 0.01560 0.01560
-0.00382 0.00000 -0.00382 -0.00382
