# avg	std	min	max
0.03316 0.00000 0.03316 0.03316
-0.00700 0.00000 -0.00700 -0.00700
0.00000 0.00000 0.00000 0.00000
-0.27866 0.00000 -0.27866 -0.27866
-0.06292 0.00000 -0.06292 -0.06292
-0.62108 0.00000 -0.62108 -0.62108
-0.22188 0.00000 -0.22188 -0.22188
-0.53536 0.00000 -0.53536 -0.53536
-0.00842 0.00000 -0.00842 -0.00842
-0.00590 0.00000 -0.00590 -0.00590
-0.00190 0.00000 -0.00190 -0.00190
-0.00050 0.00000 -0.00050 -0.00050
-0.28068 0.00000 -0.28068 -0.28068
-0.02512 0.00000 -0.02512 -0.02512
-0.07738 0.00000 -0.07738 -0.07738
-0.04270 0.00000 -0.04270 -0.04270
-0.05954 0.00000 -0.05954 -0.05954
-0.15192 0.00000 -0.15192 -0.15192
-0.23422 0.00000 -0.23422 -0.23422
-0.04350 0.00000 -0.04350 -0.04350
