# avg	std	min	max
0.44752 0.00000 0.44752 0.44752
0.47030 0.00000 0.47030 0.47030
0.37144 0.00000 0.37144 0.37144
0.23502 0.00000 0.23502 0.23502
0.19334 0.00000 0.19334 0.19334
-0.19670 0.00000 -0.19670 -0.19670
-0.19530 0.00000 -0.19530 -0.19530
1.12950 0.00000 1.12950 1.12950
0.43136 0.00000 0.43136 0.43136
0.44304 0.00000 0.44304 0.44304
0.38160 0.00000 0.38160 0.38160
0.34804 0.00000 0.34804 0.34804
0.00628 0.00000 0.00628 0.00628
0.39008 0.00000 0.39008 0.39008
0.42668 0.00000 0.42668 0.42668
0.86072 0.00000 0.86072 0.86072
0.58152 0.00000 0.58152 0.58152
-0.04230 0.00000 -0.04230 -0.04230
0.38710 0.00000 0.38710 0.38710
0.31636 0.00000 0.31636 0.31636
