# avg	std	min	max
-0.08270 0.00000 -0.08270 -0.08270
0.03108 0.00000 0.03108 0.03108
0.00438 0.00000 0.00438 0.00438
-0.00488 0.00000 -0.00488 -0.00488
0.12214 0.00000 0.12214 0.12214
-0.05474 0.00000 -0.05474 -0.05474
-0.17310 0.00000 -0.17310 -0.17310
-0.15508 0.00000 -0.15508 -0.15508
-0.08288 0.00000 -0.08288 -0.08288
0.00508 0.00000 0.00508 0.00508
0.01208 0.00000 0.01208 0.01208
0.01152 0.00000 0.01152 0.01152
-0.00000 0.00000 -0.00000 -0.00000
0.00818 0.00000 0.00818 0.00818
0.00648 0.00000 0.00648 0.00648
-0.08152 0.00000 -0.08152 -0.08152
-0.00188 0.00000 -0.00188 -0.00188
-0.09524 0.00000 -0.09524 -0.09524
-0.12320 0.00000 -0.12320 -0.12320
-0.08188 0.00000 -0.08188 -0.08188
