# avg	std	min	max
0.07540 0.00000 0.07540 0.07540
0.00000 0.00000 0.00000 0.00000
0.26471 0.00000 0.26471 0.26471
-0.24030 0.00000 -0.24030 -0.24030
0.13139 0.00000 0.13139 0.13139
0.23842 0.00000 0.23842 0.23842
-0.32783 0.00000 -0.32783 -0.32783
0.16793 0.00000 0.16793 0.16793
0.09595 0.00000 0.09595 0.09595
0.21238 0.00000 0.21238 0.21238
0.52477 0.00000 0.52477 0.52477
0.20713 0.00000 0.20713 0.20713
-0.22284 0.00000 -0.22284 -0.22284
-0.49815 0.00000 -0.49815 -0.49815
-0.45394 0.00000 -0.45394 -0.45394
0.17697 0.00000 0.17697 0.17697
0.20890 0.00000 0.20890 0.20890
-0.30642 0.00000 -0.30642 -0.30642
-0.61951 0.00000 -0.61951 -0.61951
-0.31359 0.00000 -0.31359 -0.31359
