# avg	std	min	max
-0.00501 0.00000 -0.00501 -0.00501
-0.02016 0.00000 -0.02016 -0.02016
0.00000 0.00000 0.00000 0.00000
-0.00859 0.00000 -0.00859 -0.00859
-0.00916 0.00000 -0.00916 -0.00916
-0.02995 0.00000 -0.02995 -0.02995
-0.00906 0.00000 -0.00906 -0.00906
-0.08576 0.00000 -0.08576 -0.08576
0.00000 0.00000 0.00000 0.00000
-0.01061 0.00000 -0.01061 -0.01061
0.00000 0.00000 0.00000 0.00000
0.00000 0.00000 0.00000 0.00000
-0.00940 0.00000 -0.00940 -0.00940
-0.00713 0.00000 -0.00713 -0.00713
-0.18465 0.00000 -0.18465 -0.18465
0.00000 0.00000 0.00000 0.00000
-0.07919 0.00000 -0.07919 -0.07919
0.05552 0.00000 0.05552 0.05552
0.03508 0.00000 0.03508 0.03508
0.00937 0.00000 0.00937 0.00937
