# avg	std	min	max
0.10679 0.00000 0.10679 0.10679
0.06942 0.00000 0.06942 0.06942
0.06087 0.00000 0.06087 0.06087
0.14703 0.00000 0.14703 0.14703
0.09058 0.00000 0.09058 0.09058
0.14289 0.00000 0.14289 0.14289
0.11408 0.00000 0.11408 0.11408
0.13477 0.00000 0.13477 0.13477
0.15638 0.00000 0.15638 0.15638
0.14093 0.00000 0.14093 0.14093
0.11294 0.00000 0.11294 0.11294
0.10232 0.00000 0.10232 0.10232
0.14698 0.00000 0.14698 0.14698
0.11377 0.00000 0.11377 0.11377
0.11361 0.00000 0.11361 0.11361
0.00002 0.00000 0.00002 0.00002
-0.02386 0.00000 -0.02386 -0.02386
0.09236 0.00000 0.09236 0.09236
0.20918 0.00000 0.20918 0.20918
0.04291 0.00000 0.04291 0.04291
