# avg	std	min	max
0.00000 0.00000 0.00000 0.00000
0.00055 0.00000 0.00055 0.00055
-0.01789 0.00000 -0.01789 -0.01789
-0.00096 0.00000 -0.00096 -0.00096
-0.01470 0.00000 -0.01470 -0.01470
0.00267 0.00000 0.00267 0.00267
-0.00024 0.00000 -0.00024 -0.00024
0.00055 0.00000 0.00055 0.00055
0.00055 0.00000 0.00055 0.00055
-0.01112 0.00000 -0.01112 -0.01112
-0.01107 0.00000 -0.01107 -0.01107
-0.01789 0.00000 -0.01789 -0.01789
0.01575 0.00000 0.01575 0.01575
-0.01418 0.00000 -0.01418 -0.01418
0.00055 0.00000 0.00055 0.00055
-0.02480 0.00000 -0.02480 -0.02480
-0.00459 0.00000 -0.00459 -0.00459
0.00416 0.00000 0.00416 0.00416
0.00200 0.00000 0.00200 0.00200
0.02995 0.00000 0.02995 0.02995
