# avg	std	min	max
0.00000 0.00000 0.00000 0.00000
0.14606 0.00000 0.14606 0.14606
0.66209 0.00000 0.66209 0.66209
0.27349 0.00000 0.27349 0.27349
0.49530 0.00000 0.49530 0.49530
0.19568 0.00000 0.19568 0.19568
1.31511 0.00000 1.31511 1.31511
1.17188 0.00000 1.17188 1.17188
0.23510 0.00000 0.23510 0.23510
0.15840 0.00000 0.15840 0.15840
0.49474 0.00000 0.49474 0.49474
0.65506 0.00000 0.65506 0.65506
1.83214 0.00000 1.83214 1.83214
1.13287 0.00000 1.13287 1.13287
0.57633 0.00000 0.57633 0.57633
0.81087 0.00000 0.81087 0.81087
0.19380 0.00000 0.19380 0.19380
0.46032 0.00000 0.46032 0.46032
0.24476 0.00000 0.24476 0.24476
1.07310 0.00000 1.07310 1.07310
