# avg	std	min	max
-0.00015 0.00000 -0.00015 -0.00015
-0.00113 0.00000 -0.00113 -0.00113
-0.00110 0.00000 -0.00110 -0.00110
0.03462 0.00000 0.03462 0.03462
0.00000 0.00000 0.00000 0.00000
0.00000 0.00000 0.00000 0.00000
0.00000 0.00000 0.00000 0.00000
-0.00107 0.00000 -0.00107 -0.00107
0.00004 0.00000 0.00004 0.00004
-0.01145 0.00000 -0.01145 -0.01145
0.01390 0.00000 0.01390 0.01390
0.00125 0.00000 0.00125 0.00125
0.00000 0.00000 0.00000 0.00000
0.00000 0.00000 0.00000 0.00000
0.00000 0.00000 0.00000 0.00000
-0.01285 0.00000 -0.01285 -0.01285
-0.00109 0.00000 -0.00109 -0.00109
0.00000 0.00000 0.00000 0.00000
0.00000 0.00000 0.00000 0.00000
0.00000 0.00000 0.00000 0.00000
