# avg	std	min	max
0.00409 0.00000 0.00409 0.00409
0.00665 0.00000 0.00665 0.00665
-0.00031 0.00000 -0.00031 -0.00031
-0.00052 0.00000 -0.00052 -0.00052
-0.00020 0.00000 -0.00020 -0.00020
0.00784 0.00000 0.00784 0.00784
0.00626 0.00000 0.00626 0.00626
0.01499 0.00000 0.01499 0.01499
0.00681 0.00000 0.00681 0.00681
0.00637 0.00000 0.00637 0.00637
-0.00047 0.00000 -0.00047 -0.00047
0.00652 0.00000 0.00652 0.00652
0.08856 0.00000 0.08856 0.08856
0.00012 0.00000 0.00012 0.00012
0.00443 0.00000 0.00443 0.00443
0.00326 0.00000 0.00326 0.00326
0.00518 0.00000 0.00518 0.00518
0.00061 0.00000 0.00061 0.00061
0.00303 0.00000 0.00303 0.00303
0.00708 0.00000 0.00708 0.00708
