# avg	std	min	max
0.00011 0.00000 0.00011 0.00011
0.00000 0.00000 0.00000 0.00000
0.00000 0.00000 0.00000 0.00000
0.00000 0.00000 0.00000 0.00000
0.00000 0.00000 0.00000 0.00000
0.00000 0.00000 0.00000 0.00000
0.00000 0.00000 0.00000 0.00000
0.00000 0.00000 0.00000 0.00000
-0.06454 0.00000 -0.06454 -0.06454
-0.00003 0.00000 -0.00003 -0.00003
0.00008 0.00000 0.00008 0.00008
0.00000 0.00000 0.00000 0.00000
0.00000 0.00000 0.00000 0.00000
0.00000 0.00000 0.00000 0.00000
0.00000 0.00000 0.00000 0.00000
0.00147 0.00000 0.00147 0.00147
0.00154 0.00000 0.00154 0.00154
0.00000 0.00000 0.00000 0.00000
0.00000 0.00000 0.00000 0.00000
0.00000 0.00000 0.00000 0.00000
