# avg	std	min	max
-0.00453 0.00000 -0.00453 -0.00453
-0.00456 0.00000 -0.00456 -0.00456
-0.00454 0.00000 -0.00454 -0.00454
-0.00454 0.00000 -0.00454 -0.00454
-0.00455 0.00000 -0.00455 -0.00455
-0.00595 0.00000 -0.00595 -0.00595
-0.00455 0.00000 -0.00455 -0.00455
-0.00453 0.00000 -0.00453 -0.00453
-0.00454 0.00000 -0.00454 -0.00454
-0.00454 0.00000 -0.00454 -0.00454
-0.00454 0.00000 -0.00454 -0.00454
-0.00454 0.00000 -0.00454 -0.00454
-0.00450 0.00000 -0.00450 -0.00450
-0.00451 0.00000 -0.00451 -0.00451
-0.00457 0.00000 -0.00457 -0.00457
-0.01665 0.00000 -0.01665 -0.01665
-0.02014 0.00000 -0.02014 -0.02014
0.00032 0.00000 0.00032 0.00032
0.00000 0.00000 0.00000 0.00000
-0.00024 0.00000 -0.00024 -0.00024
