# avg	std	min	max
-0.01426 0.00000 -0.01426 -0.01426
0.01513 0.00000 0.01513 0.01513
0.03071 0.00000 0.03071 0.03071
0.02198 0.00000 0.02198 0.02198
0.03188 0.00000 0.03188 0.03188
-0.09942 0.00000 -0.09942 -0.09942
-0.12585 0.00000 -0.12585 -0.12585
-0.33803 0.00000 -0.33803 -0.33803
0.02611 0.00000 0.02611 0.02611
0.00000 0.00000 0.00000 0.00000
0.03071 0.00000 0.03071 0.03071
0.00000 0.00000 0.00000 0.00000
-0.04505 0.00000 -0.04505 -0.04505
-0.00074 0.00000 -0.00074 -0.00074
0.00747 0.00000 0.00747 0.00747
-0.00730 0.00000 -0.00730 -0.00730
0.01292 0.00000 0.01292 0.01292
0.50471 0.00000 0.50471 0.50471
0.31352 0.00000 0.31352 0.31352
0.06660 0.00000 0.06660 0.06660
