# avg	std	min	max
0.00000 0.00000 0.00000 0.00000
0.00000 0.00000 0.00000 0.00000
0.00000 0.00000 0.00000 0.00000
0.00000 0.00000 0.00000 0.00000
0.00000 0.00000 0.00000 0.00000
0.00000 0.00000 0.00000 0.00000
0.03071 0.00000 0.03071 0.03071
-0.18877 0.00000 -0.18877 -0.18877
0.00000 0.00000 0.00000 0.00000
0.00000 0.00000 0.00000 0.00000
0.00000 0.00000 0.00000 0.00000
0.00000 0.00000 0.00000 0.00000
0.03076 0.00000 0.03076 0.03076
0.00000 0.00000 0.00000 0.00000
0.00000 0.00000 0.00000 0.00000
0.00000 0.00000 0.00000 0.00000
-0.00058 0.00000 -0.00058 -0.00058
-0.25521 0.00000 -0.25521 -0.25521
-0.25521 0.00000 -0.25521 -0.25521
0.03206 0.00000 0.03206 0.03206
