# avg	std	min	max
0.00000 0.00000 0.00000 0.00000
0.00000 0.00000 0.00000 0.00000
0.00000 0.00000 0.00000 0.00000
0.00059 0.00000 0.00059 0.00059
0.00014 0.00000 0.00014 0.00014
-0.00405 0.00000 -0.00405 -0.00405
0.00224 0.00000 0.00224 0.00224
0.02428 0.00000 0.02428 0.02428
0.00000 0.00000 0.00000 0.00000
0.00000 0.00000 0.00000 0.00000
0.00000 0.00000 0.00000 0.00000
0.00000 0.00000 0.00000 0.00000
0.02700 0.00000 0.02700 0.02700
0.00659 0.00000 0.00659 0.00659
0.00158 0.00000 0.00158 0.00158
-0.00918 0.00000 -0.00918 -0.00918
-0.00772 0.00000 -0.00772 -0.00772
-0.05083 0.00000 -0.05083 -0.05083
0.03603 0.00000 0.03603 0.03603
0.00642 0.00000 0.00642 0.00642
