# avg	std	min	max
0.14100 0.00000 0.14100 0.14100
0.17365 0.00000 0.17365 0.17365
0.17758 0.00000 0.17758 0.17758
0.14614 0.00000 0.14614 0.14614
0.06657 0.00000 0.06657 0.06657
0.07990 0.00000 0.07990 0.07990
0.10386 0.00000 0.10386 0.10386
0.18937 0.00000 0.18937 0.18937
0.25209 0.00000 0.25209 0.25209
0.09768 0.00000 0.09768 0.09768
0.19664 0.00000 0.19664 0.19664
0.12980 0.00000 0.12980 0.12980
0.17631 0.00000 0.17631 0.17631
0.16568 0.00000 0.16568 0.16568
0.04805 0.00000 0.04805 0.04805
0.00003 0.00000 0.00003 0.00003
0.03718 0.00000 0.03718 0.03718
0.20094 0.00000 0.20094 0.20094
0.16706 0.00000 0.16706 0.16706
0.14157 0.00000 0.14157 0.14157
