# avg	std	min	max
0.00258 0.00000 0.00258 0.00258
0.00271 0.00000 0.00271 0.00271
0.00321 0.00000 0.00321 0.00321
0.00328 0.00000 0.00328 0.00328
0.00324 0.00000 0.00324 0.00324
0.00297 0.00000 0.00297 0.00297
0.00314 0.00000 0.00314 0.00314
0.00344 0.00000 0.00344 0.00344
0.00291 0.00000 0.00291 0.00291
0.00326 0.00000 0.00326 0.00326
0.00320 0.00000 0.00320 0.00320
0.00295 0.00000 0.00295 0.00295
0.00253 0.00000 0.00253 0.00253
0.00307 0.00000 0.00307 0.00307
0.00389 0.00000 0.00389 0.00389
0.00100 0.00000 0.00100 0.00100
0.00000 0.00000 0.00000 0.00000
0.00390 0.00000 0.00390 0.00390
0.00367 0.00000 0.00367 0.00367
0.00344 0.00000 0.00344 0.00344
