# avg	std	min	max
0.00303 0.00000 0.00303 0.00303
0.00185 0.00000 0.00185 0.00185
0.00246 0.00000 0.00246 0.00246
0.00183 0.00000 0.00183 0.00183
0.00243 0.00000 0.00243 0.00243
0.00246 0.00000 0.00246 0.00246
0.00245 0.00000 0.00245 0.00245
0.00245 0.00000 0.00245 0.00245
0.00182 0.00000 0.00182 0.00182
0.00244 0.00000 0.00244 0.00244
0.00182 0.00000 0.00182 0.00182
0.00183 0.00000 0.00183 0.00183
0.00183 0.00000 0.00183 0.00183
0.00244 0.00000 0.00244 0.00244
0.00183 0.00000 0.00183 0.00183
0.00061 0.00000 0.00061 0.00061
0.00124 0.00000 0.00124 0.00124
0.00182 0.00000 0.00182 0.00182
0.00148 0.00000 0.00148 0.00148
0.00122 0.00000 0.00122 0.00122
