# avg	std	min	max
0.00000 0.00000 0.00000 0.00000
0.00000 0.00000 0.00000 0.00000
0.00000 0.00000 0.00000 0.00000
0.00073 0.00000 0.00073 0.00073
-0.00034 0.00000 -0.00034 -0.00034
0.00000 0.00000 0.00000 0.00000
0.00000 0.00000 0.00000 0.00000
0.00133 0.00000 0.00133 0.00133
0.00000 0.00000 0.00000 0.00000
0.00000 0.00000 0.00000 0.00000
0.00000 0.00000 0.00000 0.00000
0.00020 0.00000 0.00020 0.00020
0.00000 0.00000 0.00000 0.00000
-0.00030 0.00000 -0.00030 -0.00030
-0.00061 0.00000 -0.00061 -0.00061
-0.00643 0.00000 -0.00643 -0.00643
-0.00717 0.00000 -0.00717 -0.00717
0.00425 0.00000 0.00425 0.00425
0.00596 0.00000 0.00596 0.00596
-0.00014 0.00000 -0.00014 -0.00014
