# avg	std	min	max
0.00000 0.00000 0.00000 0.00000
0.00000 0.00000 0.00000 0.00000
0.00182 0.00000 0.00182 0.00182
0.00000 0.00000 0.00000 0.00000
0.00305 0.00000 0.00305 0.00305
0.00000 0.00000 0.00000 0.00000
0.00000 0.00000 0.00000 0.00000
0.00000 0.00000 0.00000 0.00000
0.00000 0.00000 0.00000 0.00000
0.00002 0.00000 0.00002 0.00002
0.00166 0.00000 0.00166 0.00166
0.00000 0.00000 0.00000 0.00000
0.00000 0.00000 0.00000 0.00000
0.00000 0.00000 0.00000 0.00000
-0.00001 0.00000 -0.00001 -0.00001
-0.00461 0.00000 -0.00461 -0.00461
-0.00459 0.00000 -0.00459 -0.00459
0.00198 0.00000 0.00198 0.00198
0.00509 0.00000 0.00509 0.00509
0.00000 0.00000 0.00000 0.00000
