# avg	std	min	max
-0.01064 0.00000 -0.01064 -0.01064
-0.00255 0.00000 -0.00255 -0.00255
0.02252 0.00000 0.02252 0.02252
-0.00118 0.00000 -0.00118 -0.00118
0.00744 0.00000 0.00744 0.00744
0.00099 0.00000 0.00099 0.00099
0.00744 0.00000 0.00744 0.00744
0.00000 0.00000 0.00000 0.00000
-0.00537 0.00000 -0.00537 -0.00537
-0.07802 0.00000 -0.07802 -0.07802
-0.00125 0.00000 -0.00125 -0.00125
-0.01006 0.00000 -0.01006 -0.01006
0.00076 0.00000 0.00076 0.00076
0.00000 0.00000 0.00000 0.00000
0.00000 0.00000 0.00000 0.00000
-0.08757 0.00000 -0.08757 -0.08757
-0.07513 0.00000 -0.07513 -0.07513
0.00000 0.00000 0.00000 0.00000
0.00000 0.00000 0.00000 0.00000
0.00000 0.00000 0.00000 0.00000
