# avg	std	min	max
-0.00268 0.00000 -0.00268 -0.00268
-0.00275 0.00000 -0.00275 -0.00275
-0.00297 0.00000 -0.00297 -0.00297
-0.00263 0.00000 -0.00263 -0.00263
-0.00259 0.00000 -0.00259 -0.00259
-0.00300 0.00000 -0.00300 -0.00300
-0.00312 0.00000 -0.00312 -0.00312
-0.00169 0.00000 -0.00169 -0.00169
-0.00268 0.00000 -0.00268 -0.00268
-0.00290 0.00000 -0.00290 -0.00290
-0.00301 0.00000 -0.00301 -0.00301
-0.00267 0.00000 -0.00267 -0.00267
-0.00225 0.00000 -0.00225 -0.00225
-0.00250 0.00000 -0.00250 -0.00250
-0.00286 0.00000 -0.00286 -0.00286
-0.00452 0.00000 -0.00452 -0.00452
-0.00608 0.00000 -0.00608 -0.00608
0.00000 0.00000 0.00000 0.00000
0.00098 0.00000 0.00098 0.00098
-0.00238 0.00000 -0.00238 -0.00238
