# avg	std	min	max
-0.00186 0.00000 -0.00186 -0.00186
-0.00124 0.00000 -0.00124 -0.00124
-0.00062 0.00000 -0.00062 -0.00062
-0.00063 0.00000 -0.00063 -0.00063
-0.00063 0.00000 -0.00063 -0.00063
-0.00063 0.00000 -0.00063 -0.00063
0.00049 0.00000 0.00049 0.00049
0.00011 0.00000 0.00011 0.00011
-0.00063 0.00000 -0.00063 -0.00063
-0.00063 0.00000 -0.00063 -0.00063
-0.00063 0.00000 -0.00063 -0.00063
-0.00063 0.00000 -0.00063 -0.00063
-0.00040 0.00000 -0.00040 -0.00040
-0.00063 0.00000 -0.00063 -0.00063
-0.00063 0.00000 -0.00063 -0.00063
-0.00063 0.00000 -0.00063 -0.00063
-0.00063 0.00000 -0.00063 -0.00063
0.00000 0.00000 0.00000 0.00000
0.00135 0.00000 0.00135 0.00135
-0.00123 0.00000 -0.00123 -0.00123
