# avg	std	min	max
0.00000 0.00000 0.00000 0.00000
0.00000 0.00000 0.00000 0.00000
0.00000 0.00000 0.00000 0.00000
0.00000 0.00000 0.00000 0.00000
0.00000 0.00000 0.00000 0.00000
0.00000 0.00000 0.00000 0.00000
0.00001 0.00000 0.00001 0.00001
0.00001 0.00000 0.00001 0.00001
-0.00040 0.00000 -0.00040 -0.00040
0.00000 0.00000 0.00000 0.00000
0.00000 0.00000 0.00000 0.00000
0.00000 0.00000 0.00000 0.00000
0.00000 0.00000 0.00000 0.00000
0.00000 0.00000 0.00000 0.00000
0.00000 0.00000 0.00000 0.00000
-0.00009 0.00000 -0.00009 -0.00009
-0.00010 0.00000 -0.00010 -0.00010
0.00067 0.00000 0.00067 0.00067
0.00164 0.00000 0.00164 0.00164
0.00000 0.00000 0.00000 0.00000
