# avg	std	min	max
-0.00019 0.00000 -0.00019 -0.00019
-0.00022 0.00000 -0.00022 -0.00022
0.00000 0.00000 0.00000 0.00000
0.00000 0.00000 0.00000 0.00000
0.00000 0.00000 0.00000 0.00000
0.00000 0.00000 0.00000 0.00000
-0.00115 0.00000 -0.00115 -0.00115
-0.00069 0.00000 -0.00069 -0.00069
-0.00077 0.00000 -0.00077 -0.00077
0.00041 0.00000 0.00041 0.00041
-0.00114 0.00000 -0.00114 -0.00114
0.00000 0.00000 0.00000 0.00000
-0.00115 0.00000 -0.00115 -0.00115
0.00003 0.00000 0.00003 0.00003
0.00000 0.00000 0.00000 0.00000
-0.00428 0.00000 -0.00428 -0.00428
-0.00630 0.00000 -0.00630 -0.00630
0.00514 0.00000 0.00514 0.00514
0.01425 0.00000 0.01425 0.01425
-0.00125 0.00000 -0.00125 -0.00125
