# avg	std	min	max
0.00059 0.00000 0.00059 0.00059
0.00018 0.00000 0.00018 0.00018
-0.00266 0.00000 -0.00266 -0.00266
-0.00674 0.00000 -0.00674 -0.00674
-0.00496 0.00000 -0.00496 -0.00496
-0.00576 0.00000 -0.00576 -0.00576
-0.00567 0.00000 -0.00567 -0.00567
-0.00674 0.00000 -0.00674 -0.00674
-0.09006 0.00000 -0.09006 -0.09006
0.00079 0.00000 0.00079 0.00079
-0.00398 0.00000 -0.00398 -0.00398
-0.00396 0.00000 -0.00396 -0.00396
-0.00633 0.00000 -0.00633 -0.00633
-0.00365 0.00000 -0.00365 -0.00365
-0.00519 0.00000 -0.00519 -0.00519
-0.00780 0.00000 -0.00780 -0.00780
-0.00663 0.00000 -0.00663 -0.00663
-0.00088 0.00000 -0.00088 -0.00088
0.00002 0.00000 0.00002 0.00002
-0.00560 0.00000 -0.00560 -0.00560
