# avg	std	min	max
-0.00249 0.00000 -0.00249 -0.00249
-0.00250 0.00000 -0.00250 -0.00250
-0.00250 0.00000 -0.00250 -0.00250
-0.00300 0.00000 -0.00300 -0.00300
-0.00250 0.00000 -0.00250 -0.00250
-0.00250 0.00000 -0.00250 -0.00250
-0.00233 0.00000 -0.00233 -0.00233
0.01582 0.00000 0.01582 0.01582
-0.00250 0.00000 -0.00250 -0.00250
-0.00250 0.00000 -0.00250 -0.00250
-0.00250 0.00000 -0.00250 -0.00250
-0.00250 0.00000 -0.00250 -0.00250
-0.00318 0.00000 -0.00318 -0.00318
-0.00250 0.00000 -0.00250 -0.00250
-0.00293 0.00000 -0.00293 -0.00293
-0.00598 0.00000 -0.00598 -0.00598
-0.00706 0.00000 -0.00706 -0.00706
-0.00072 0.00000 -0.00072 -0.00072
-0.00000 0.00000 -0.00000 -0.00000
-0.00250 0.00000 -0.00250 -0.00250
