# avg	std	min	max
0.01675 0.00000 0.01675 0.01675
0.00414 0.00000 0.00414 0.00414
-0.01315 0.00000 -0.01315 -0.01315
-0.05295 0.00000 -0.05295 -0.05295
-0.03551 0.00000 -0.03551 -0.03551
-0.13538 0.00000 -0.13538 -0.13538
-0.09796 0.00000 -0.09796 -0.09796
-0.07824 0.00000 -0.07824 -0.07824
-0.12861 0.00000 -0.12861 -0.12861
-0.00017 0.00000 -0.00017 -0.00017
0.00364 0.00000 0.00364 0.00364
0.00082 0.00000 0.00082 0.00082
-0.07314 0.00000 -0.07314 -0.07314
-0.05374 0.00000 -0.05374 -0.05374
-0.03895 0.00000 -0.03895 -0.03895
0.00426 0.00000 0.00426 0.00426
0.08033 0.00000 0.08033 0.08033
-0.02873 0.00000 -0.02873 -0.02873
-0.13491 0.00000 -0.13491 -0.13491
-0.04776 0.00000 -0.04776 -0.04776
