# avg	std	min	max
-0.00229 0.00000 -0.00229 -0.00229
0.00018 0.00000 0.00018 0.00018
0.00032 0.00000 0.00032 0.00032
-0.00056 0.00000 -0.00056 -0.00056
0.00039 0.00000 0.00039 0.00039
-0.00067 0.00000 -0.00067 -0.00067
-0.00079 0.00000 -0.00079 -0.00079
0.02016 0.00000 0.02016 0.02016
-0.00236 0.00000 -0.00236 -0.00236
0.00065 0.00000 0.00065 0.00065
0.00000 0.00000 0.00000 0.00000
-0.01274 0.00000 -0.01274 -0.01274
-0.00102 0.00000 -0.00102 -0.00102
-0.00016 0.00000 -0.00016 -0.00016
0.00014 0.00000 0.00014 0.00014
-0.01526 0.00000 -0.01526 -0.01526
-0.00635 0.00000 -0.00635 -0.00635
-0.00029 0.00000 -0.00029 -0.00029
0.00296 0.00000 0.00296 0.00296
-0.00086 0.00000 -0.00086 -0.00086
