# avg	std	min	max
0.00000 0.00000 0.00000 0.00000
0.00000 0.00000 0.00000 0.00000
0.00000 0.00000 0.00000 0.00000
0.00000 0.00000 0.00000 0.00000
0.00000 0.00000 0.00000 0.00000
0.00000 0.00000 0.00000 0.00000
0.00000 0.00000 0.00000 0.00000
-0.00336 0.00000 -0.00336 -0.00336
-0.03104 0.00000 -0.03104 -0.03104
0.00000 0.00000 0.00000 0.00000
0.00000 0.00000 0.00000 0.00000
0.00000 0.00000 0.00000 0.00000
0.00000 0.00000 0.00000 0.00000
0.00000 0.00000 0.00000 0.00000
0.00000 0.00000 0.00000 0.00000
-0.00455 0.00000 -0.00455 -0.00455
-0.00395 0.00000 -0.00395 -0.00395
0.00116 0.00000 0.00116 0.00116
0.00322 0.00000 0.00322 0.00322
0.00000 0.00000 0.00000 0.00000
