# avg	std	min	max
0.00000 0.00000 0.00000 0.00000
0.00000 0.00000 0.00000 0.00000
0.00000 0.00000 0.00000 0.00000
0.00000 0.00000 0.00000 0.00000
0.00000 0.00000 0.00000 0.00000
0.00000 0.00000 0.00000 0.00000
-0.00080 0.00000 -0.00080 -0.00080
-0.00001 0.00000 -0.00001 -0.00001
0.00000 0.00000 0.00000 0.00000
0.00000 0.00000 0.00000 0.00000
0.00000 0.00000 0.00000 0.00000
0.00000 0.00000 0.00000 0.00000
-0.00047 0.00000 -0.00047 -0.00047
0.00000 0.00000 0.00000 0.00000
0.00000 0.00000 0.00000 0.00000
-0.00029 0.00000 -0.00029 -0.00029
0.00000 0.00000 0.00000 0.00000
0.00000 0.00000 0.00000 0.00000
0.00043 0.00000 0.00043 0.00043
0.00000 0.00000 0.00000 0.00000
