# avg	std	min	max
0.00001 0.00000 0.00001 0.00001
0.00000 0.00000 0.00000 0.00000
0.00000 0.00000 0.00000 0.00000
0.00000 0.00000 0.00000 0.00000
0.00116 0.00000 0.00116 0.00116
0.00000 0.00000 0.00000 0.00000
0.00000 0.00000 0.00000 0.00000
0.00000 0.00000 0.00000 0.00000
0.00001 0.00000 0.00001 0.00001
0.00116 0.00000 0.00116 0.00116
0.00093 0.00046 0.00000 0.00116
0.00000 0.00000 0.00000 0.00000
0.00000 0.00000 0.00000 0.00000
0.00070 0.00057 0.00000 0.00116
0.00023 0.00046 0.00000 0.00116
0.00070 0.00057 0.00000 0.00116
-0.00002 0.00065 -0.00064 0.00116
0.00000 0.00000 0.00000 0.00000
0.00023 0.00046 0.00000 0.00116
0.00023 0.00046 0.00000 0.00116
