# avg	std	min	max
-0.00001 0.00001 -0.00003 0.00000
0.00000 0.00000 0.00000 0.00000
0.00417 0.00460 0.00012 0.01009
0.00000 0.00000 0.00000 0.00000
-0.00045 0.00001 -0.00047 -0.00044
-0.00110 0.00041 -0.00161 -0.00059
0.00000 0.00000 0.00000 0.00000
-0.00125 0.00072 -0.00203 0.00000
0.02005 0.01584 0.00048 0.03478
0.00000 0.00000 0.00000 0.00000
0.00318 0.00584 0.00004 0.01486
0.00000 0.00000 0.00000 0.00000
0.00096 0.00118 0.00000 0.00255
0.00000 0.00000 0.00000 0.00000
-0.00061 0.00011 -0.00077 -0.00050
-0.01283 0.00074 -0.01367 -0.01172
-0.00414 0.00551 -0.01514 -0.00103
-0.00022 0.00035 -0.00050 0.00044
0.00147 0.00070 0.00090 0.00282
-0.00018 0.00016 -0.00042 0.00000
