# avg	std	min	max
0.00038 0.00000 0.00038 0.00038
0.00000 0.00000 0.00000 0.00000
-0.00143 0.00007 -0.00154 -0.00132
0.00013 0.00004 0.00004 0.00015
-0.00147 0.00005 -0.00152 -0.00141
0.00009 0.00003 0.00007 0.00015
0.00015 0.00000 0.00015 0.00016
0.00015 0.00001 0.00013 0.00016
-0.00118 0.00004 -0.00126 -0.00115
-0.00027 0.00000 -0.00027 -0.00027
-0.00022 0.00016 -0.00041 -0.00009
0.00015 0.00000 0.00015 0.00015
0.00014 0.00001 0.00013 0.00015
0.00006 0.00000 0.00006 0.00006
0.00007 0.00000 0.00006 0.00007
-0.17171 0.00268 -0.17544 -0.16937
-0.13242 0.00138 -0.13509 -0.13119
0.12521 0.00628 0.11357 0.13238
0.24470 0.00352 0.24008 0.25068
0.00015 0.00001 0.00013 0.00016
