# avg	std	min	max
0.00495 0.00024 0.00481 0.00542
0.00192 0.00003 0.00188 0.00196
-0.00497 0.02156 -0.03106 0.03210
-0.00692 0.00739 -0.02169 -0.00284
-0.02375 0.01806 -0.04955 -0.00314
-0.00338 0.00088 -0.00463 -0.00191
-0.01216 0.02559 -0.03181 0.03385
-0.01495 0.01158 -0.03181 -0.00093
-0.00028 0.00002 -0.00031 -0.00026
0.00190 0.00023 0.00153 0.00215
0.00219 0.00206 0.00033 0.00567
-0.00002 0.00001 -0.00004 0.00000
-0.02541 0.00424 -0.03072 -0.02167
-0.00647 0.01152 -0.02950 -0.00069
-0.00178 0.00073 -0.00294 -0.00064
-0.09634 0.02090 -0.12409 -0.06673
-0.06864 0.01659 -0.08813 -0.04980
0.04482 0.01340 0.02760 0.05987
0.11865 0.02387 0.08239 0.14373
-0.01112 0.01869 -0.04850 -0.00164
