# avg	std	min	max
0.14513 0.24003 -0.05113 0.61839
0.11305 0.13580 0.00290 0.36554
0.12588 0.24220 -0.13439 0.58627
0.33276 0.28235 0.03708 0.67972
0.13623 0.19083 0.01325 0.51585
0.03056 0.01277 0.01148 0.04295
0.15889 0.21661 -0.02643 0.57662
-0.01365 0.16311 -0.32632 0.12256
0.17966 0.16718 0.02452 0.50480
0.06857 0.02824 0.02767 0.10428
0.31180 0.20169 0.14701 0.69749
0.27769 0.26581 0.05399 0.61860
0.35229 0.26518 0.06682 0.69115
0.28825 0.28316 0.05198 0.64284
0.18280 0.27100 -0.01752 0.71911
-0.00486 0.00608 -0.01292 0.00035
-0.00139 0.01126 -0.01515 0.01407
0.56344 0.21136 0.15073 0.70813
-0.04136 0.19355 -0.27989 0.17387
0.46362 0.25118 -0.02402 0.68998
