# avg	std	min	max
0.00002 0.00010 -0.00014 0.00014
-0.00004 0.00009 -0.00022 0.00000
0.00244 0.00091 0.00066 0.00318
0.00132 0.00163 0.00000 0.00363
0.00215 0.00152 0.00016 0.00364
-0.00024 0.00039 -0.00083 0.00019
0.00267 0.00187 0.00081 0.00594
0.00104 0.00107 0.00000 0.00291
0.00005 0.00006 0.00000 0.00012
-0.00001 0.00005 -0.00009 0.00005
-0.00033 0.00110 -0.00250 0.00051
-0.00046 0.00095 -0.00236 0.00004
0.00215 0.00075 0.00075 0.00287
0.00004 0.00005 0.00000 0.00011
0.00071 0.00091 0.00000 0.00243
-0.00002 0.00005 -0.00012 0.00000
-0.00006 0.00009 -0.00019 0.00006
0.00158 0.00127 0.00011 0.00340
0.00242 0.00112 0.00096 0.00344
0.00119 0.00141 0.00000 0.00342
