# avg	std	min	max
0.13452 0.00240 0.13141 0.13756
0.12868 0.01109 0.10852 0.13950
0.13413 0.00824 0.12123 0.14272
0.13261 0.00651 0.12314 0.14086
0.13902 0.00895 0.12480 0.15307
0.15264 0.00517 0.14383 0.15716
0.14412 0.00720 0.13177 0.15305
0.14039 0.00755 0.12580 0.14682
0.13274 0.00395 0.12511 0.13635
0.13810 0.00651 0.13179 0.14992
0.13094 0.00943 0.11507 0.14224
0.13622 0.00431 0.12862 0.13999
0.15277 0.00545 0.14330 0.15859
0.13107 0.01058 0.11293 0.14304
0.14334 0.00311 0.13722 0.14567
-0.02418 0.00355 -0.03073 -0.02135
-0.00097 0.00347 -0.00469 0.00461
0.17069 0.00787 0.15731 0.17974
0.21168 0.01091 0.19109 0.22198
0.14175 0.01293 0.11616 0.15073
