# avg	std	min	max
0.01778 0.00001 0.01777 0.01779
0.00890 0.00002 0.00886 0.00892
0.00080 0.00005 0.00077 0.00090
0.00045 0.00018 0.00022 0.00066
0.00049 0.00013 0.00031 0.00072
0.00034 0.00004 0.00029 0.00039
-0.00000 0.00001 -0.00001 0.00001
0.00013 0.00075 -0.00044 0.00159
0.01472 0.00002 0.01469 0.01475
0.00890 0.00003 0.00885 0.00892
0.00084 0.00001 0.00083 0.00086
0.00090 0.00001 0.00090 0.00092
0.00464 0.00341 0.00010 0.00803
0.00079 0.00004 0.00073 0.00084
0.00046 0.00002 0.00043 0.00050
-0.05674 0.00377 -0.06261 -0.05368
-0.08288 0.00390 -0.08815 -0.07671
0.03407 0.01515 0.01870 0.05310
0.05789 0.00484 0.05392 0.06531
0.00029 0.00011 0.00018 0.00048
