# avg	std	min	max
0.97884 0.33166 0.41768 1.39649
-0.47042 0.31195 -0.86086 -0.06299
-3.77124 0.13146 -3.99878 -3.66065
-1.35583 0.45061 -1.77653 -0.48281
-2.02864 0.34507 -2.57708 -1.63856
-2.63951 0.38359 -3.17070 -2.05594
-2.58457 0.15133 -2.76564 -2.31673
-1.81950 0.45487 -2.38963 -1.38701
0.36764 0.24763 -0.03869 0.64108
0.25659 0.14253 0.08625 0.49552
-0.73202 0.37235 -1.47495 -0.51504
-1.33362 0.18322 -1.65317 -1.14043
-1.92991 0.05492 -1.96943 -1.82102
1.38539 0.08383 1.28363 1.49432
-0.81844 0.09229 -0.93972 -0.66019
1.12128 0.36336 0.89269 1.84531
-1.86174 0.39186 -2.40836 -1.19207
-0.03153 0.21465 -0.29638 0.26263
1.14149 0.21952 0.72796 1.37905
-0.17706 0.28636 -0.73903 0.01926
