# avg	std	min	max
0.63147 0.62000 0.14899 1.85665
0.53815 0.27009 0.27169 1.05919
0.50856 0.02126 0.48289 0.54646
-0.10106 0.06293 -0.20749 -0.01257
0.00416 0.03799 -0.02497 0.07896
0.17136 0.07933 0.01844 0.22515
-0.10772 0.24604 -0.25407 0.38371
0.36529 0.05263 0.26528 0.41845
2.08271 0.13342 1.96029 2.30200
0.51735 0.07333 0.42692 0.58093
0.33754 0.08917 0.26143 0.50605
0.20555 0.09103 0.03397 0.29187
-0.09575 0.09769 -0.28513 -0.02322
0.48672 0.12334 0.30829 0.67302
0.34963 0.09100 0.23931 0.46243
-0.07437 0.07757 -0.19039 -0.00576
-0.33162 0.36255 -0.94174 0.15706
-0.47199 0.08279 -0.60661 -0.39670
0.85932 0.12461 0.69573 0.98074
0.00423 0.07615 -0.14144 0.08328
