# avg	std	min	max
-0.00012 0.00000 -0.00012 -0.00012
-0.00014 0.00000 -0.00014 -0.00014
-0.00014 0.00000 -0.00014 -0.00014
-0.00011 0.00002 -0.00014 -0.00009
-0.00010 0.00000 -0.00010 -0.00010
0.00000 0.00005 -0.00005 0.00009
0.00020 0.00004 0.00012 0.00024
0.00008 0.00017 -0.00002 0.00043
-0.00035 0.00006 -0.00039 -0.00024
-0.00072 0.00115 -0.00302 -0.00014
-0.00014 0.00000 -0.00014 -0.00014
-0.00079 0.00113 -0.00302 -0.00013
0.00000 0.00000 0.00000 0.00000
-0.00012 0.00003 -0.00014 -0.00006
-0.00004 0.00001 -0.00005 -0.00002
-0.00077 0.00000 -0.00077 -0.00076
-0.00080 0.00002 -0.00083 -0.00076
0.00304 0.00795 -0.00903 0.01346
0.02615 0.01458 -0.00262 0.03611
0.00000 0.00000 0.00000 0.00000
