# avg	std	min	max
0.04538 0.00038 0.04485 0.04586
0.04551 0.00028 0.04513 0.04591
0.06007 0.00017 0.05979 0.06028
0.00005 0.00039 -0.00072 0.00036
0.02612 0.00033 0.02585 0.02676
0.01269 0.01338 -0.00109 0.02892
0.03266 0.01176 0.01558 0.04518
0.05249 0.00796 0.04486 0.06706
0.04548 0.00044 0.04480 0.04606
0.04254 0.00030 0.04214 0.04291
0.05161 0.00766 0.04203 0.05855
0.05636 0.00048 0.05556 0.05706
0.03311 0.01581 0.01348 0.05645
0.05172 0.00723 0.04532 0.06076
0.04600 0.00429 0.03982 0.05116
-0.00993 0.00400 -0.01713 -0.00586
0.00729 0.00680 -0.00572 0.01273
0.08521 0.00445 0.07702 0.08913
0.14786 0.00782 0.14016 0.16221
0.04077 0.01526 0.01130 0.05583
