# avg	std	min	max
0.00183 0.00020 0.00166 0.00222
0.00170 0.00005 0.00164 0.00179
0.00166 0.00005 0.00159 0.00172
-0.00002 0.00006 -0.00010 0.00003
-0.00022 0.00005 -0.00032 -0.00018
-0.00079 0.00010 -0.00089 -0.00061
-0.00344 0.00053 -0.00448 -0.00305
-0.00495 0.00034 -0.00562 -0.00473
0.00192 0.00021 0.00161 0.00211
0.00163 0.00021 0.00123 0.00182
0.00176 0.00007 0.00167 0.00188
0.00178 0.00003 0.00174 0.00182
-0.00381 0.00005 -0.00387 -0.00373
0.00112 0.00022 0.00069 0.00125
0.00063 0.00035 0.00036 0.00132
-0.05628 0.00108 -0.05831 -0.05536
-0.03583 0.00960 -0.04740 -0.02581
0.01344 0.00314 0.01102 0.01892
0.01797 0.01379 0.00681 0.03841
-0.00072 0.00025 -0.00091 -0.00023
