# avg	std	min	max
-0.00846 0.00472 -0.01788 -0.00552
-0.00192 0.00051 -0.00291 -0.00155
-0.00684 0.01361 -0.02722 0.01316
0.00057 0.00036 -0.00007 0.00097
0.00210 0.00022 0.00171 0.00238
0.00004 0.00008 -0.00001 0.00020
-0.08225 0.07358 -0.21028 -0.00108
-0.01439 0.03502 -0.08353 0.01365
-0.00406 0.00432 -0.01232 -0.00042
-0.00038 0.00132 -0.00162 0.00195
-0.01137 0.01261 -0.03382 0.00075
-0.00422 0.00359 -0.01081 -0.00128
-0.12109 0.03555 -0.17017 -0.09112
-0.00045 0.00003 -0.00049 -0.00040
-0.00064 0.00085 -0.00232 0.00002
-0.01103 0.00620 -0.01848 -0.00326
-0.00885 0.00631 -0.01477 -0.00004
0.00280 0.00483 -0.00031 0.01242
0.01851 0.00856 0.00619 0.03288
0.00251 0.00136 -0.00020 0.00336
