# avg	std	min	max
1.85461 0.13385 1.70363 2.10179
1.53599 0.19890 1.35345 1.89109
1.05412 0.17592 0.73388 1.26542
0.68732 0.35979 0.27272 1.29153
0.40120 0.23417 0.10665 0.82594
-0.02517 0.15825 -0.24935 0.24434
1.58459 0.35351 0.89541 1.90483
1.43065 0.32192 0.97891 1.83510
1.27694 0.29372 0.81217 1.55424
2.22211 0.32889 1.74719 2.74962
1.55320 0.23062 1.29390 1.83222
0.93800 0.13814 0.72899 1.13597
1.58101 0.40910 0.78530 1.88710
1.93521 0.93826 0.17610 2.96506
1.46515 0.28723 1.02371 1.79817
0.26330 0.15476 0.06596 0.44463
1.19482 0.49402 0.33455 1.86119
1.79531 0.41764 1.22596 2.29711
2.15696 0.24791 1.87304 2.58437
2.06289 0.25055 1.67619 2.46700
