# avg	std	min	max
0.00969 0.00022 0.00942 0.00988
0.00985 0.00002 0.00982 0.00987
0.00137 0.00000 0.00137 0.00137
0.00127 0.00098 -0.00053 0.00207
-0.00025 0.00001 -0.00026 -0.00024
-0.00035 0.00059 -0.00098 0.00047
0.00522 0.00294 0.00057 0.00986
0.00259 0.00107 0.00152 0.00447
-0.00001 0.00001 -0.00002 0.00000
0.00139 0.00009 0.00132 0.00157
0.00994 0.00271 0.00601 0.01333
-0.00048 0.00003 -0.00052 -0.00044
0.00461 0.00326 0.00045 0.00907
0.00547 0.00002 0.00544 0.00548
0.00288 0.00252 0.00133 0.00786
-0.14853 0.00278 -0.15201 -0.14615
-0.21985 0.00913 -0.23483 -0.21123
0.11777 0.01211 0.09763 0.12972
0.21007 0.02753 0.17081 0.23518
0.00471 0.00384 0.00157 0.00942
