# avg	std	min	max
0.00321 0.00389 -0.00003 0.00835
-0.00001 0.00005 -0.00004 0.00008
-0.00003 0.00000 -0.00003 -0.00003
-0.00003 0.00000 -0.00003 -0.00003
-0.00002 0.00001 -0.00003 0.00000
-0.00002 0.00001 -0.00003 0.00000
-0.00003 0.00000 -0.00003 -0.00003
0.00000 0.00005 -0.00003 0.00009
0.00005 0.00006 0.00000 0.00015
0.00456 0.00370 -0.00003 0.00786
-0.00002 0.00001 -0.00003 0.00000
0.00000 0.00000 0.00000 0.00000
-0.00003 0.00000 -0.00004 -0.00003
0.00000 0.00000 0.00000 0.00000
0.00000 0.00000 0.00000 0.00000
-0.03665 0.00357 -0.04378 -0.03476
-0.05706 0.02299 -0.08816 -0.03100
0.05225 0.00598 0.04701 0.06002
0.07186 0.00715 0.06480 0.08385
-0.00002 0.00001 -0.00003 0.00000
