# avg	std	min	max
-0.00949 0.00012 -0.00971 -0.00935
-0.00970 0.00014 -0.00991 -0.00951
-0.01418 0.00178 -0.01679 -0.01209
-0.00958 0.00017 -0.00986 -0.00942
-0.01228 0.00172 -0.01451 -0.00946
-0.00955 0.00011 -0.00966 -0.00935
-0.00959 0.00021 -0.00990 -0.00934
-0.00965 0.00008 -0.00976 -0.00953
-0.01263 0.00102 -0.01382 -0.01109
-0.00958 0.00023 -0.00996 -0.00936
-0.00928 0.00050 -0.00974 -0.00830
-0.00933 0.00009 -0.00945 -0.00917
-0.00961 0.00010 -0.00979 -0.00950
-0.00946 0.00018 -0.00973 -0.00920
-0.00944 0.00028 -0.00989 -0.00917
-0.03840 0.00003 -0.03845 -0.03837
-0.03809 0.00037 -0.03841 -0.03739
-0.00067 0.00003 -0.00073 -0.00064
-0.00007 0.00009 -0.00024 0.00000
-0.00939 0.00005 -0.00945 -0.00933
