# avg	std	min	max
0.00000 0.00000 0.00000 0.00001
0.00000 0.00000 0.00000 0.00000
-0.00001 0.00000 -0.00001 -0.00001
0.00000 0.00000 0.00000 0.00000
0.00138 0.00044 0.00116 0.00226
0.00253 0.00979 -0.00919 0.02063
-0.01322 0.01593 -0.03577 0.00003
-0.00377 0.00752 -0.01881 0.00032
-0.00002 0.00003 -0.00008 0.00000
0.00000 0.00000 0.00000 0.00000
-0.00000 0.00000 -0.00001 0.00000
0.00020 0.00041 -0.00001 0.00102
-0.00008 0.00016 -0.00041 0.00003
0.00000 0.00000 0.00000 0.00000
0.00000 0.00000 0.00000 0.00000
-0.02276 0.01082 -0.03897 -0.01114
-0.03657 0.00249 -0.03965 -0.03204
0.03355 0.00798 0.01980 0.04032
0.08061 0.00373 0.07798 0.08800
-0.00087 0.02178 -0.02868 0.02795
