# avg	std	min	max
-0.02949 0.00002 -0.02954 -0.02947
-0.00609 0.00000 -0.00609 -0.00609
-0.02514 0.00001 -0.02515 -0.02512
0.01338 0.04710 -0.06626 0.07495
-0.07988 0.02738 -0.11162 -0.04224
-0.06559 0.04376 -0.13828 -0.00764
0.43121 0.56808 -0.06302 1.13047
-0.25975 0.38133 -0.54031 0.46226
-0.02878 0.00002 -0.02882 -0.02875
0.00000 0.00004 -0.00005 0.00007
-0.00428 0.00002 -0.00431 -0.00424
-0.04427 0.00008 -0.04434 -0.04413
-0.20376 0.10819 -0.33672 -0.04572
0.06723 0.00156 0.06414 0.06836
0.16385 0.07434 0.06592 0.24885
-0.02956 0.03468 -0.09094 -0.00346
0.14401 0.09864 0.00212 0.24939
0.79683 0.18308 0.54181 1.10031
0.98185 0.17562 0.73035 1.21362
0.10266 0.08195 0.01383 0.21720
