# avg	std	min	max
0.01104 0.00000 0.01103 0.01104
0.00000 0.00000 0.00000 0.00000
-0.00018 0.00001 -0.00019 -0.00017
0.00000 0.00000 0.00000 0.00000
-0.00019 0.00000 -0.00020 -0.00019
-0.00011 0.00003 -0.00013 -0.00005
-0.00050 0.00002 -0.00053 -0.00048
-0.01165 0.02135 -0.05434 -0.00096
-0.00818 0.00000 -0.00819 -0.00818
0.00000 0.00000 0.00000 0.00000
-0.00011 0.00000 -0.00011 -0.00011
-0.00000 0.00001 -0.00002 0.00000
-0.00055 0.00008 -0.00070 -0.00045
0.00000 0.00000 0.00000 0.00000
-0.00005 0.00001 -0.00006 -0.00003
-0.00174 0.00000 -0.00174 -0.00173
-0.01028 0.00740 -0.01971 -0.00152
-0.05251 0.01389 -0.05946 -0.02473
-0.03269 0.02279 -0.05842 0.00090
-0.00034 0.00002 -0.00037 -0.00032
