# avg	std	min	max
-0.00009 0.00033 -0.00073 0.00020
-0.00008 0.00026 -0.00059 0.00015
0.00000 0.00000 0.00000 0.00000
-0.00009 0.00045 -0.00057 0.00064
0.00000 0.00000 0.00000 0.00000
0.00529 0.01809 -0.01422 0.03966
0.00000 0.00000 0.00000 0.00000
0.00042 0.00085 0.00000 0.00212
0.00000 0.00000 0.00000 0.00000
0.00001 0.00002 0.00000 0.00006
0.00000 0.00000 0.00000 0.00000
0.00000 0.00000 0.00000 0.00000
0.00000 0.00000 0.00000 0.00000
0.00000 0.00000 0.00000 0.00000
0.00504 0.01041 -0.00042 0.02586
-0.01303 0.00007 -0.01308 -0.01290
-0.02275 0.02600 -0.06464 0.01751
0.00835 0.01593 0.00014 0.04020
0.00742 0.00996 0.00210 0.02733
0.00000 0.00000 0.00000 0.00000
