# avg	std	min	max
0.00000 0.00000 0.00000 0.00000
0.00000 0.00000 0.00000 0.00000
0.00000 0.00000 0.00000 0.00000
0.00000 0.00000 0.00000 0.00000
0.00000 0.00000 0.00000 0.00000
-0.00002 0.00005 -0.00012 0.00000
0.00000 0.00000 0.00000 0.00000
-0.00002 0.00005 -0.00012 0.00000
0.00000 0.00000 0.00000 0.00000
0.00000 0.00000 0.00000 0.00000
0.00000 0.00000 0.00000 0.00000
0.00000 0.00000 0.00000 0.00000
0.00000 0.00000 0.00000 0.00000
0.00000 0.00000 0.00000 0.00000
-0.00005 0.00006 -0.00012 0.00000
-0.00002 0.00005 -0.00012 0.00000
0.00005 0.00006 0.00000 0.00012
-0.00039 0.00088 -0.00215 0.00019
0.00002 0.00005 0.00000 0.00012
0.00000 0.00000 0.00000 0.00000
