# avg	std	min	max
0.00000 0.00000 0.00000 0.00000
0.00000 0.00000 0.00000 0.00000
0.00000 0.00000 0.00000 0.00000
0.00088 0.00108 0.00000 0.00232
0.00000 0.00000 0.00000 0.00000
0.00007 0.00016 -0.00021 0.00025
0.00047 0.00045 0.00000 0.00102
0.00008 0.00017 0.00000 0.00042
0.00041 0.00051 0.00000 0.00117
0.00000 0.00000 0.00000 0.00000
0.00000 0.00000 0.00000 0.00000
0.00000 0.00000 0.00000 0.00000
0.00024 0.00034 0.00000 0.00086
0.00000 0.00000 0.00000 0.00000
0.00000 0.00000 0.00000 0.00000
0.00000 0.00000 0.00000 0.00000
-0.00036 0.00073 -0.00182 0.00000
0.00251 0.00425 -0.00153 0.01065
0.00090 0.00076 0.00000 0.00217
0.00014 0.00027 0.00000 0.00068
