# avg	std	min	max
0.00000 0.00000 0.00000 0.00000
0.00000 0.00000 0.00000 0.00000
0.00000 0.00000 0.00000 0.00000
-0.00577 0.01154 -0.02884 0.00000
0.00000 0.00000 0.00000 0.00000
0.00000 0.00000 0.00000 0.00000
0.00000 0.00000 0.00000 0.00000
0.00000 0.00000 0.00000 0.00000
0.00000 0.00000 0.00000 0.00000
0.00000 0.00000 0.00000 0.00000
-0.00001 0.00001 -0.00003 0.00000
0.00000 0.00000 0.00000 0.00000
0.00000 0.00000 0.00000 0.00000
0.00078 0.00162 -0.00011 0.00401
0.00000 0.00000 0.00000 0.00000
-0.00050 0.00001 -0.00050 -0.00048
-0.00957 0.01180 -0.01829 0.01169
0.00510 0.02170 -0.03245 0.03017
0.02133 0.01303 -0.00330 0.03152
0.00592 0.01184 0.00000 0.02960
