# avg	std	min	max
1.16648 0.00206 1.16408 1.16927
1.04030 0.00286 1.03604 1.04292
0.35803 0.00380 0.35102 0.36242
0.23665 0.06004 0.18528 0.31246
0.27919 0.00279 0.27470 0.28260
0.33206 0.04786 0.27097 0.38778
0.86143 0.28535 0.55616 1.22788
1.03975 0.85923 0.30472 2.58959
0.80179 0.01214 0.77999 0.81416
1.03678 0.00248 1.03311 1.04035
1.22437 0.00816 1.21915 1.24057
0.00022 0.00417 -0.00678 0.00620
1.53044 0.98230 0.86885 3.43468
0.08332 0.00679 0.07151 0.08941
0.93442 0.01283 0.91141 0.94798
-1.48120 0.00735 -1.49107 -1.46838
-0.40757 0.03394 -0.45363 -0.35587
1.38484 0.19931 1.13785 1.68739
1.47092 0.14719 1.22930 1.64755
1.41659 0.28580 1.12103 1.76536
