# avg	std	min	max
0.05043 0.02851 -0.00270 0.07354
0.05115 0.00289 0.04866 0.05509
0.06821 0.00731 0.05389 0.07394
0.05071 0.00252 0.04832 0.05436
0.05878 0.00893 0.04771 0.07182
0.05818 0.00684 0.04913 0.06870
0.08768 0.05927 0.04713 0.20498
0.01603 0.07995 -0.14318 0.06719
0.05289 0.00333 0.04900 0.05743
0.06856 0.02972 0.03461 0.12353
0.06531 0.00893 0.05743 0.07775
0.05743 0.00000 0.05743 0.05743
0.06003 0.01779 0.03232 0.08430
0.05411 0.00914 0.04535 0.06533
-0.01863 0.15995 -0.33774 0.07700
0.00002 0.00710 -0.00891 0.01178
0.00040 0.00000 0.00040 0.00040
0.07460 0.01120 0.06264 0.09038
0.08225 0.01379 0.05968 0.09767
0.05414 0.00531 0.04376 0.05831
