# avg	std	min	max
0.21366 0.03183 0.18454 0.26170
0.16253 0.01003 0.15529 0.18202
0.11611 0.03055 0.08014 0.15917
-0.01680 0.02674 -0.05917 0.01806
0.05021 0.01032 0.03682 0.06719
-0.00985 0.03867 -0.04714 0.06122
-0.00268 0.00509 -0.01282 0.00025
0.50626 0.62881 -0.24730 1.41774
0.18111 0.02781 0.16202 0.23543
0.14354 0.00536 0.13481 0.15041
0.09028 0.02358 0.07531 0.13690
0.07362 0.05931 -0.01938 0.14457
-0.02691 0.01400 -0.04770 -0.01015
-0.05636 0.17230 -0.38479 0.08551
-0.13960 0.17913 -0.35782 0.03612
-0.20974 0.08200 -0.29970 -0.05938
-0.35233 0.11375 -0.56512 -0.23915
0.09956 0.02778 0.05303 0.12735
0.17835 0.08341 0.12662 0.34429
-0.06722 0.17639 -0.28815 0.08756
