# avg	std	min	max
-0.02605 0.00049 -0.02656 -0.02521
-0.02752 0.00331 -0.03403 -0.02511
-0.03075 0.00360 -0.03507 -0.02534
-0.02789 0.00319 -0.03279 -0.02534
-0.03244 0.00368 -0.03509 -0.02535
-0.02986 0.00559 -0.03799 -0.02534
-0.02372 0.01225 -0.03368 0.00000
-0.02959 0.00567 -0.04037 -0.02531
-0.02466 0.00137 -0.02535 -0.02191
-0.02263 0.01218 -0.03506 0.00068
-0.03089 0.00344 -0.03515 -0.02534
-0.03035 0.00252 -0.03275 -0.02640
-0.03213 0.00422 -0.03916 -0.02620
-0.14929 0.14594 -0.33040 -0.02535
-0.02776 0.00483 -0.03419 -0.02071
-0.03539 0.01349 -0.04745 -0.01028
-0.02775 0.00451 -0.03383 -0.02326
-0.00014 0.00000 -0.00014 -0.00014
-0.00528 0.00618 -0.01320 0.00521
-0.02678 0.00261 -0.03095 -0.02428
