# avg	std	min	max
-0.02525 0.02300 -0.04775 0.00398
-0.01026 0.03766 -0.04110 0.06394
-0.04034 0.01600 -0.05497 -0.00917
-0.05235 0.00830 -0.06658 -0.04283
-0.00784 0.03114 -0.04077 0.04296
-0.09601 0.04003 -0.12102 -0.01639
-0.00126 0.02655 -0.03780 0.04323
-0.16283 0.14304 -0.35767 0.05708
-0.14899 0.23895 -0.62678 -0.02203
-0.01701 0.02012 -0.03641 0.02140
-0.03150 0.01058 -0.04523 -0.01825
-0.03956 0.01318 -0.05347 -0.01462
-0.02058 0.01650 -0.04492 -0.00225
-0.03250 0.00458 -0.03995 -0.02666
-0.05499 0.00375 -0.05820 -0.04791
-0.13820 0.00629 -0.14539 -0.12819
-0.17491 0.03694 -0.19857 -0.10178
-0.00104 0.00257 -0.00614 0.00075
0.07173 0.00884 0.05540 0.08120
-0.10940 0.01272 -0.13078 -0.09186
