# avg	std	min	max
0.34070 0.30844 -0.04879 0.61396
0.11554 0.22498 -0.00912 0.56533
-0.00323 0.00273 -0.00867 -0.00159
-0.00586 0.00286 -0.00952 -0.00262
-0.00222 0.00056 -0.00292 -0.00172
0.11577 0.21515 -0.02345 0.54384
-0.00401 0.00050 -0.00490 -0.00338
0.02509 0.05717 -0.00509 0.13938
0.10314 0.20515 -0.01946 0.51290
0.43803 0.23212 -0.02143 0.58793
-0.00376 0.00258 -0.00880 -0.00188
0.22300 0.26867 0.00000 0.56521
0.00865 0.02418 -0.01044 0.05573
0.00032 0.00053 -0.00007 0.00137
0.23924 0.28521 0.00617 0.61030
-0.01444 0.00205 -0.01579 -0.01036
0.33425 0.27629 -0.00509 0.56014
0.00431 0.00303 0.00065 0.00777
0.01363 0.00054 0.01257 0.01406
-0.00063 0.00427 -0.00571 0.00683
