# avg	std	min	max
0.04656 0.14942 -0.08667 0.23691
0.03322 0.11067 -0.05812 0.25126
-0.00380 0.01001 -0.00885 0.01623
-0.13040 0.07957 -0.24901 -0.04009
-0.05806 0.03680 -0.11363 -0.02741
0.05536 0.10436 -0.04029 0.18414
0.17691 0.08468 0.02337 0.27450
0.20199 0.10698 -0.00931 0.28504
-0.06568 0.11501 -0.29569 -0.00748
-0.17570 0.11192 -0.30175 -0.00554
-0.17618 0.08769 -0.26716 -0.00901
-0.07295 0.08553 -0.22344 -0.00869
0.20882 0.11517 0.07331 0.37959
0.00050 0.00077 -0.00041 0.00149
0.01241 0.15185 -0.17933 0.18331
-0.05737 0.00173 -0.05938 -0.05499
0.01357 0.07896 -0.10201 0.10769
-0.22961 0.14651 -0.43605 0.01393
-0.15772 0.08643 -0.25110 -0.01084
0.22295 0.02849 0.16739 0.24558
