# avg	std	min	max
0.55987 0.00093 0.55893 0.56135
0.55893 0.00000 0.55892 0.55893
-0.01227 0.00040 -0.01251 -0.01147
-0.06237 0.00237 -0.06711 -0.06108
-0.01004 0.00487 -0.01275 -0.00033
-0.17652 0.00157 -0.17867 -0.17422
-0.15016 0.00752 -0.15868 -0.14045
-0.17707 0.19838 -0.51439 -0.00694
0.00000 0.00000 0.00000 0.00000
0.55775 0.00281 0.55589 0.56332
0.46494 0.22183 0.02136 0.58160
0.44714 0.22357 0.00000 0.55893
-0.25961 0.08312 -0.37745 -0.17563
-0.01836 0.01903 -0.04988 0.00625
0.00000 0.00000 0.00000 0.00000
-0.16118 0.00828 -0.17148 -0.15190
-0.08793 0.00048 -0.08867 -0.08739
0.03102 0.00049 0.03010 0.03142
0.06570 0.00812 0.05790 0.08100
-0.07625 0.00574 -0.08336 -0.07110
