# avg	std	min	max
0.07302 0.00401 0.07009 0.08097
0.07557 0.00050 0.07490 0.07628
0.03501 0.00281 0.02955 0.03747
-0.02017 0.11755 -0.25277 0.06364
-0.03433 0.10462 -0.24354 0.02090
-0.05491 0.08518 -0.22028 0.01357
-0.04599 0.09461 -0.22848 0.03232
-0.04541 0.08541 -0.19863 0.06227
-0.00041 0.00127 -0.00188 0.00160
-0.20939 0.13915 -0.28409 0.06887
0.01821 0.00100 0.01663 0.01945
0.01582 0.00060 0.01502 0.01660
0.07357 0.09496 -0.02989 0.20638
-0.01752 0.01493 -0.03997 0.00013
0.04483 0.00281 0.04004 0.04786
-0.52615 0.02208 -0.55753 -0.50411
-0.61567 0.17766 -0.88696 -0.35817
-0.07123 0.10254 -0.16604 0.06108
0.07164 0.13353 -0.18190 0.18919
0.05103 0.02570 0.00345 0.07255
