# avg	std	min	max
0.06781 0.19356 -0.05620 0.45374
0.59736 0.28498 0.21493 0.85010
0.48488 0.26198 0.14768 0.70518
1.04203 0.26888 0.65716 1.28477
0.33619 0.26176 0.01409 0.55371
0.22719 0.26821 -0.08132 0.59790
0.59449 0.27874 0.24117 1.01798
1.12406 0.25265 0.79716 1.35804
0.36833 0.19445 -0.02057 0.46686
0.56859 0.26333 0.21970 0.80163
0.39116 0.15865 0.18847 0.61371
0.27682 0.24936 -0.02796 0.50319
0.40352 0.20973 0.27004 0.81294
-0.29269 0.23419 -0.59415 -0.07894
-0.16970 0.26143 -0.41367 0.17671
1.11001 0.19477 0.72994 1.28331
0.82030 0.22165 0.37796 0.94777
0.32559 0.07079 0.21370 0.42460
0.02394 0.29508 -0.42388 0.50568
-0.18268 0.29382 -0.58213 0.08809
