# avg	std	min	max
-0.01790 0.00853 -0.03314 -0.00736
-0.03286 0.00316 -0.03471 -0.02657
-0.01800 0.00660 -0.02994 -0.01037
-0.01981 0.00438 -0.02776 -0.01429
-0.01582 0.00312 -0.02025 -0.01238
-0.01909 0.00369 -0.02540 -0.01380
-0.00977 0.00293 -0.01317 -0.00538
-0.05087 0.03114 -0.09876 -0.01202
-0.01723 0.01074 -0.02947 0.00211
-0.01621 0.00316 -0.02086 -0.01347
-0.07588 0.01030 -0.08977 -0.05814
-0.03668 0.00207 -0.04078 -0.03525
0.03541 0.01510 0.01267 0.05716
-0.02248 0.00455 -0.02856 -0.01849
-0.03460 0.00408 -0.03791 -0.02681
-0.32019 0.03342 -0.35233 -0.25629
-0.25094 0.00513 -0.26002 -0.24570
-0.00647 0.00814 -0.01520 0.00512
0.00001 0.00000 0.00001 0.00001
0.27471 0.35694 -0.07975 0.81483
