# avg	std	min	max
-0.02851 0.00225 -0.03300 -0.02735
-0.02832 0.00186 -0.03204 -0.02730
-0.02791 0.00138 -0.03062 -0.02673
-0.06211 0.02848 -0.09030 -0.02736
-0.04142 0.00244 -0.04627 -0.03987
-0.13292 0.02015 -0.15590 -0.10684
-0.03026 0.00274 -0.03330 -0.02656
-0.03664 0.03285 -0.07723 0.00134
-0.04545 0.00154 -0.04772 -0.04408
-0.04540 0.00268 -0.04990 -0.04298
-0.04631 0.00137 -0.04800 -0.04397
-0.06567 0.00111 -0.06683 -0.06398
-0.03661 0.00683 -0.04835 -0.02869
-0.02637 0.00068 -0.02707 -0.02509
-0.02999 0.00259 -0.03322 -0.02634
-0.16498 0.01878 -0.20072 -0.14495
-0.16977 0.01265 -0.18492 -0.15430
-0.00677 0.00546 -0.01700 -0.00197
-0.00084 0.00142 -0.00367 -0.00001
-0.02006 0.02459 -0.04580 0.02695
