# avg	std	min	max
0.69805 0.00738 0.68537 0.70642
0.17961 0.01140 0.15796 0.18926
-0.52258 0.01349 -0.53649 -0.50198
-0.44265 0.36129 -1.04790 -0.07193
0.54292 0.05056 0.44875 0.59366
-0.81542 0.07546 -0.92174 -0.68757
0.21675 0.64551 -0.33323 1.12579
-0.15602 0.45235 -0.84250 0.47624
1.17290 0.00373 1.16831 1.17785
-0.00164 0.00328 -0.00821 0.00008
-0.72867 0.00407 -0.73438 -0.72222
0.17325 0.01728 0.14097 0.18998
-0.43133 0.24412 -0.91812 -0.27325
0.48932 0.01252 0.46777 0.50244
0.55062 0.37320 0.30633 1.29018
0.57157 0.02253 0.53803 0.59365
0.69542 0.40298 0.21339 1.41771
-0.17296 0.08423 -0.25572 -0.04140
0.53226 0.47319 0.10117 1.41821
-0.13698 0.25398 -0.39948 0.21052
