# avg	std	min	max
0.01944 0.02673 0.00300 0.07280
0.01913 0.03095 -0.00192 0.08061
0.00426 0.00281 -0.00047 0.00666
0.01657 0.02875 0.00048 0.07383
0.00620 0.00314 0.00020 0.00944
0.05825 0.02466 0.00916 0.07351
0.01185 0.03260 -0.00864 0.07682
-0.00220 0.00363 -0.00645 0.00368
0.00456 0.00256 0.00112 0.00780
-0.00001 0.00002 -0.00004 0.00000
0.00000 0.00000 0.00000 0.00000
0.00000 0.00000 0.00000 0.00000
0.01596 0.03511 -0.01522 0.07874
0.03210 0.03367 0.00095 0.07385
0.01491 0.02920 -0.00493 0.07267
-0.06912 0.01751 -0.10019 -0.05379
-0.00936 0.00481 -0.01837 -0.00549
0.00050 0.01501 -0.02912 0.01094
0.04138 0.03582 0.00408 0.09308
0.01814 0.02917 -0.00092 0.07595
