# avg	std	min	max
0.00000 0.00000 0.00000 0.00001
0.00000 0.00000 0.00000 0.00000
0.00000 0.00000 0.00000 0.00000
-0.00395 0.01795 -0.03725 0.01738
0.00004 0.00009 0.00000 0.00022
0.00365 0.00730 0.00000 0.01826
-0.04085 0.02657 -0.06407 0.00880
0.01025 0.00726 0.00000 0.02145
0.00000 0.00000 0.00000 0.00000
0.00000 0.00000 0.00000 0.00000
0.00000 0.00000 0.00000 0.00000
0.00000 0.00000 0.00000 0.00000
0.00000 0.00000 0.00000 0.00000
0.00000 0.00000 0.00000 0.00000
-0.00001 0.00002 -0.00005 0.00000
-0.55156 0.00362 -0.55625 -0.54748
-0.57212 0.01193 -0.58558 -0.54969
0.04715 0.00188 0.04564 0.05077
0.00654 0.00319 0.00367 0.01199
0.01233 0.01076 0.00000 0.02746
