# avg	std	min	max
0.06749 0.00000 0.06749 0.06749
0.05484 0.00001 0.05482 0.05485
0.17654 0.00015 0.17642 0.17679
-0.21454 0.00172 -0.21785 -0.21286
-0.02904 0.00001 -0.02905 -0.02902
-0.51641 0.00486 -0.52604 -0.51350
-0.35776 0.00140 -0.35965 -0.35654
-0.42658 0.02282 -0.44146 -0.38113
-0.02583 0.00295 -0.02744 -0.01993
0.05316 0.00002 0.05313 0.05319
-0.00004 0.00005 -0.00011 0.00003
-0.01941 0.00129 -0.02041 -0.01687
-1.03780 0.02485 -1.08677 -1.01960
0.10165 0.04358 0.01457 0.12695
0.03191 0.01909 -0.00626 0.04167
-0.05080 0.03324 -0.09952 -0.02226
-0.16589 0.05620 -0.27670 -0.13139
-0.04672 0.02087 -0.06561 -0.01922
-0.19952 0.06452 -0.32465 -0.14642
-0.04100 0.00688 -0.04686 -0.03101
