# avg	std	min	max
-0.00000 0.00000 -0.00000 0.00000
-0.00000 0.00000 -0.00000 0.00000
0.00000 0.00000 -0.00000 0.00000
0.00000 0.00000 -0.00000 0.00000
0.00000 0.00000 -0.00000 0.00000
-0.00000 0.00000 -0.00000 -0.00000
0.00000 0.00000 -0.00000 0.00000
-0.00000 0.00000 -0.00000 0.00000
0.00000 0.00000 0.00000 0.00000
0.00000 0.00000 -0.00000 0.00000
0.00000 0.00000 -0.00000 0.00000
0.00000 0.00000 -0.00000 0.00000
0.00000 0.00000 -0.00000 0.00000
0.00000 0.00000 -0.00000 0.00000
-0.00000 0.00000 -0.00000 0.00000
0.00000 0.00000 -0.00000 0.00000
0.03432 0.00431 0.02955 0.04043
0.04724 0.00452 0.04075 0.05484
0.19466 0.01116 0.17584 0.20763
0.00000 0.00000 -0.00000 0.00000
