# avg	std	min	max
0.00000 0.00000 0.00000 0.00000
-0.00000 0.00000 -0.00000 -0.00000
0.00000 0.00000 -0.00000 0.00000
-0.00000 0.00000 -0.00000 0.00000
-0.00000 0.00000 -0.00000 0.00000
-0.00000 0.00000 -0.00000 -0.00000
-0.00000 0.00000 -0.00000 -0.00000
-0.00000 0.00000 -0.00000 -0.00000
-0.00000 0.00000 -0.00000 0.00000
-0.00000 0.00000 -0.00000 0.00000
-0.00000 0.00000 -0.00000 0.00000
-0.00000 0.00000 -0.00000 0.00000
-0.00000 0.00000 -0.00000 0.00000
-0.00000 0.00000 -0.00000 0.00000
-0.00000 0.00000 -0.00000 -0.00000
-0.00000 0.00000 -0.00000 -0.00000
-0.00000 0.00000 -0.00000 0.00000
-0.00000 0.00000 -0.00000 0.00000
0.00057 0.00114 -0.00000 0.00286
-0.00000 0.00000 -0.00000 0.00000
