# avg	std	min	max
0.00000 0.00000 -0.00000 0.00000
0.00000 0.00000 -0.00000 0.00000
-0.00000 0.00000 -0.00000 0.00000
-0.00000 0.00000 -0.00000 0.00000
0.00000 0.00000 -0.00000 0.00000
0.00000 0.00000 -0.00000 0.00000
-0.00000 0.00000 -0.00000 0.00000
0.00000 0.00000 -0.00000 0.00000
0.00000 0.00000 -0.00000 0.00000
-0.00000 0.00000 -0.00000 0.00000
0.00000 0.00000 -0.00000 0.00000
0.00000 0.00000 0.00000 0.00000
0.00000 0.00000 -0.00000 0.00000
-0.00000 0.00000 -0.00000 0.00000
0.00000 0.00000 -0.00000 0.00000
0.00000 0.00000 -0.00000 0.00000
0.00000 0.00000 -0.00000 0.00000
-0.00911 0.00029 -0.00956 -0.00877
-0.03836 0.00609 -0.04800 -0.02886
-0.00000 0.00000 -0.00000 0.00000
