# avg	std	min	max
0.04221 0.00505 0.03722 0.05178
0.04152 0.00960 0.02898 0.05152
0.04069 0.00567 0.03159 0.04773
0.03696 0.00988 0.02402 0.05370
0.04023 0.00947 0.02978 0.05250
0.04102 0.00519 0.03168 0.04664
0.04684 0.01755 0.02708 0.07658
0.03376 0.00595 0.02781 0.04399
0.03357 0.00825 0.02307 0.04642
0.04211 0.01387 0.02389 0.06239
0.03597 0.00346 0.03222 0.04104
0.03627 0.00633 0.03050 0.04728
0.03577 0.00789 0.02541 0.04852
0.04417 0.01195 0.03118 0.05988
0.03061 0.00547 0.02132 0.03801
0.04518 0.00846 0.03430 0.05952
0.06571 0.01173 0.05527 0.08764
0.00000 0.00000 -0.00000 0.00000
-0.00000 0.00000 -0.00000 0.00000
0.00000 0.00000 -0.00000 0.00000
