# avg	std	min	max
-0.00000 0.00000 -0.00000 0.00000
-0.00000 0.00000 -0.00000 0.00000
-0.00000 0.00000 -0.00000 0.00000
-0.00000 0.00000 -0.00000 0.00000
-0.00000 0.00000 -0.00000 0.00000
0.00000 0.00000 -0.00000 0.00000
0.00000 0.00000 -0.00000 0.00000
-0.00000 0.00000 -0.00000 0.00000
0.00000 0.00000 -0.00000 0.00000
-0.00000 0.00000 -0.00000 0.00000
-0.00000 0.00000 -0.00000 0.00000
-0.00000 0.00000 -0.00000 0.00000
-0.00000 0.00000 -0.00000 0.00000
-0.00000 0.00000 -0.00000 0.00000
-0.00000 0.00000 -0.00000 0.00000
0.00426 0.00853 -0.00000 0.02132
-0.00000 0.00000 -0.00000 0.00000
0.00000 0.00000 -0.00000 0.00000
0.00000 0.00000 -0.00000 0.00000
0.00000 0.00000 -0.00000 0.00000
