# avg	std	min	max
0.00000 0.00000 0.00000 0.00000
0.00000 0.00000 0.00000 0.00000
-0.00000 0.00000 -0.00000 0.00000
-0.00000 0.00000 -0.00000 0.00000
-0.00000 0.00000 -0.00000 0.00000
-0.00000 0.00000 -0.00000 0.00000
0.00000 0.00000 -0.00000 0.00000
0.00000 0.00000 -0.00000 0.00000
0.00000 0.00000 0.00000 0.00000
-0.00000 0.00000 -0.00000 0.00000
0.00000 0.00000 0.00000 0.00000
-0.00000 0.00000 -0.00000 0.00000
0.00000 0.00000 -0.00000 0.00000
-0.00000 0.00000 -0.00000 0.00000
-0.00000 0.00000 -0.00000 0.00000
0.00000 0.00000 -0.00000 0.00000
0.01394 0.00090 0.01281 0.01476
0.02109 0.01247 -0.00000 0.03545
0.10936 0.00938 0.09697 0.12358
-0.00000 0.00000 -0.00000 0.00000
