# avg	std	min	max
-0.00000 0.00000 -0.00000 0.00000
-0.00000 0.00000 -0.00000 -0.00000
-0.00000 0.00000 -0.00000 0.00000
-0.00000 0.00000 -0.00000 0.00000
0.00143 0.00286 -0.00000 0.00714
-0.00000 0.00000 -0.00000 0.00000
0.00148 0.00293 -0.00000 0.00734
-0.00000 0.00000 -0.00000 0.00000
0.00000 0.00000 -0.00000 0.00000
0.00146 0.00292 -0.00000 0.00730
-0.00000 0.00000 -0.00000 0.00000
0.00000 0.00000 -0.00000 0.00000
0.00002 0.00004 -0.00000 0.00009
-0.00000 0.00000 -0.00000 0.00000
0.00002 0.00448 -0.00704 0.00711
-0.00000 0.00000 -0.00000 0.00000
-0.00164 0.00211 -0.00509 0.00000
0.00000 0.00000 -0.00000 0.00000
-0.00000 0.00000 -0.00000 0.00000
-0.00000 0.00000 -0.00000 0.00000
