# avg	std	min	max
-0.00008 0.00000 -0.00008 -0.00008
0.00000 0.00000 0.00000 0.00000
0.02482 0.00000 0.02482 0.02482
0.00000 0.00000 0.00000 0.00000
0.00000 0.00000 0.00000 0.00000
0.00000 0.00000 0.00000 0.00000
0.00000 0.00000 0.00000 0.00000
0.00000 0.00000 0.00000 0.00000
0.11141 0.00000 0.11141 0.11141
0.00000 0.00000 0.00000 0.00000
-0.00112 0.00000 -0.00112 -0.00112
0.00000 0.00000 0.00000 0.00000
0.00000 0.00000 0.00000 0.00000
0.00000 0.00000 0.00000 0.00000
0.00000 0.00000 0.00000 0.00000
0.00000 0.00000 0.00000 0.00000
0.00000 0.00000 0.00000 0.00000
0.00000 0.00000 0.00000 0.00000
0.00000 0.00000 0.00000 0.00000
0.00000 0.00000 0.00000 0.00000
