# avg	std	min	max
1.10903 0.00000 1.10903 1.10903
0.00000 0.00000 0.00000 0.00000
0.88370 0.00000 0.88370 0.88370
0.05479 0.00000 0.05479 0.05479
1.19123 0.00000 1.19123 1.19123
-0.26297 0.00000 -0.26297 -0.26297
7.40419 0.00000 7.40419 7.40419
8.73575 0.00000 8.73575 8.73575
7.48684 0.00000 7.48684 7.48684
0.28775 0.00000 0.28775 0.28775
1.82066 0.00000 1.82066 1.82066
0.92597 0.00000 0.92597 0.92597
8.05889 0.00000 8.05889 8.05889
0.97755 0.00000 0.97755 0.97755
0.68661 0.00000 0.68661 0.68661
2.64844 0.00000 2.64844 2.64844
1.42432 0.00000 1.42432 1.42432
0.05100 0.00000 0.05100 0.05100
0.60777 0.00000 0.60777 0.60777
5.86811 0.00000 5.86811 5.86811
