# avg	std	min	max
-0.00576 0.00000 -0.00576 -0.00576
0.00000 0.00000 0.00000 0.00000
0.00000 0.00000 0.00000 0.00000
-0.01224 0.00000 -0.01224 -0.01224
0.00000 0.00000 0.00000 0.00000
0.00000 0.00000 0.00000 0.00000
0.01861 0.00000 0.01861 0.01861
-0.00329 0.00000 -0.00329 -0.00329
-0.02517 0.00000 -0.02517 -0.02517
0.00000 0.00000 0.00000 0.00000
0.00000 0.00000 0.00000 0.00000
0.00000 0.00000 0.00000 0.00000
0.01896 0.00000 0.01896 0.01896
0.00000 0.00000 0.00000 0.00000
-0.00714 0.00000 -0.00714 -0.00714
-0.08631 0.00000 -0.08631 -0.08631
-0.07130 0.00000 -0.07130 -0.07130
0.01670 0.00000 0.01670 0.01670
0.02569 0.00000 0.02569 0.02569
-0.00333 0.00000 -0.00333 -0.00333
