# avg	std	min	max
-0.00742 0.00000 -0.00742 -0.00742
-0.00439 0.00000 -0.00439 -0.00439
0.00072 0.00000 0.00072 0.00072
0.00089 0.00000 0.00089 0.00089
0.00560 0.00000 0.00560 0.00560
-0.00110 0.00000 -0.00110 -0.00110
0.01126 0.00000 0.01126 0.01126
0.00939 0.00000 0.00939 0.00939
0.00506 0.00000 0.00506 0.00506
-0.00664 0.00000 -0.00664 -0.00664
-0.00411 0.00000 -0.00411 -0.00411
0.00000 0.00000 0.00000 0.00000
0.01028 0.00000 0.01028 0.01028
0.00000 0.00000 0.00000 0.00000
0.01198 0.00000 0.01198 0.01198
-0.02278 0.00000 -0.02278 -0.02278
0.00000 0.00000 0.00000 0.00000
0.01987 0.00000 0.01987 0.01987
0.03783 0.00000 0.03783 0.03783
0.00000 0.00000 0.00000 0.00000
