# avg	std	min	max
0.00000 0.00000 0.00000 0.00000
0.00000 0.00000 0.00000 0.00000
0.00000 0.00000 0.00000 0.00000
0.00000 0.00000 0.00000 0.00000
0.00826 0.00000 0.00826 0.00826
-0.00132 0.00000 -0.00132 -0.00132
0.01009 0.00000 0.01009 0.01009
0.00387 0.00000 0.00387 0.00387
0.00000 0.00000 0.00000 0.00000
0.00000 0.00000 0.00000 0.00000
0.00826 0.00000 0.00826 0.00826
0.00000 0.00000 0.00000 0.00000
0.01032 0.00000 0.01032 0.01032
-0.00306 0.00000 -0.00306 -0.00306
0.00000 0.00000 0.00000 0.00000
-0.02597 0.00000 -0.02597 -0.02597
-0.02679 0.00000 -0.02679 -0.02679
0.01450 0.00000 0.01450 0.01450
0.03188 0.00000 0.03188 0.03188
0.00000 0.00000 0.00000 0.00000
