# avg	std	min	max
-0.24340 0.00000 -0.24340 -0.24340
-0.30563 0.00000 -0.30563 -0.30563
-0.42031 0.00000 -0.42031 -0.42031
-0.51558 0.00000 -0.51558 -0.51558
-0.46327 0.00000 -0.46327 -0.46327
-0.81511 0.00000 -0.81511 -0.81511
-0.66407 0.00000 -0.66407 -0.66407
-0.71488 0.00000 -0.71488 -0.71488
-0.23966 0.00000 -0.23966 -0.23966
-0.31382 0.00000 -0.31382 -0.31382
-0.39773 0.00000 -0.39773 -0.39773
-0.45004 0.00000 -0.45004 -0.45004
-0.69484 0.00000 -0.69484 -0.69484
-0.43875 0.00000 -0.43875 -0.43875
-0.39329 0.00000 -0.39329 -0.39329
-0.68588 0.00000 -0.68588 -0.68588
-0.53274 0.00000 -0.53274 -0.53274
0.02015 0.00000 0.02015 0.02015
-0.22513 0.00000 -0.22513 -0.22513
-0.49035 0.00000 -0.49035 -0.49035
