# avg	std	min	max
1.04473 0.00000 1.04473 1.04473
0.90526 0.00000 0.90526 0.90526
0.58372 0.00000 0.58372 0.58372
0.43115 0.00000 0.43115 0.43115
0.68082 0.00000 0.68082 0.68082
-0.22444 0.00000 -0.22444 -0.22444
0.44743 0.00000 0.44743 0.44743
0.62328 0.00000 0.62328 0.62328
0.93218 0.00000 0.93218 0.93218
2.57910 0.00000 2.57910 2.57910
1.08523 0.00000 1.08523 1.08523
0.93436 0.00000 0.93436 0.93436
0.74321 0.00000 0.74321 0.74321
0.00951 0.00000 0.00951 0.00951
1.43263 0.00000 1.43263 1.43263
1.33286 0.00000 1.33286 1.33286
1.50728 0.00000 1.50728 1.50728
0.69422 0.00000 0.69422 0.69422
1.09064 0.00000 1.09064 1.09064
1.14860 0.00000 1.14860 1.14860
