# avg	std	min	max
0.00521 0.00000 0.00521 0.00521
0.00664 0.00000 0.00664 0.00664
-0.00032 0.00000 -0.00032 -0.00032
-0.00052 0.00000 -0.00052 -0.00052
-0.00021 0.00000 -0.00021 -0.00021
0.00800 0.00000 0.00800 0.00800
-0.00030 0.00000 -0.00030 -0.00030
-0.00050 0.00000 -0.00050 -0.00050
0.00706 0.00000 0.00706 0.00706
0.00636 0.00000 0.00636 0.00636
-0.00048 0.00000 -0.00048 -0.00048
0.00651 0.00000 0.00651 0.00651
-0.00074 0.00000 -0.00074 -0.00074
0.00012 0.00000 0.00012 0.00012
0.00443 0.00000 0.00443 0.00443
-0.01414 0.00000 -0.01414 -0.01414
-0.00035 0.00000 -0.00035 -0.00035
0.00114 0.00000 0.00114 0.00114
0.00933 0.00000 0.00933 0.00933
-0.00023 0.00000 -0.00023 -0.00023
