# avg	std	min	max
0.85711 0.00000 0.85711 0.85711
0.86480 0.00000 0.86480 0.86480
0.85274 0.00000 0.85274 0.85274
1.06595 0.00000 1.06595 1.06595
0.75953 0.00000 0.75953 0.75953
1.07287 0.00000 1.07287 1.07287
0.98143 0.00000 0.98143 0.98143
0.87067 0.00000 0.87067 0.87067
0.87821 0.00000 0.87821 0.87821
0.87407 0.00000 0.87407 0.87407
0.82295 0.00000 0.82295 0.82295
0.91839 0.00000 0.91839 0.91839
0.22338 0.00000 0.22338 0.22338
0.99272 0.00000 0.99272 0.99272
1.14610 0.00000 1.14610 1.14610
0.94335 0.00000 0.94335 0.94335
1.09429 0.00000 1.09429 1.09429
0.81898 0.00000 0.81898 0.81898
-0.06717 0.00000 -0.06717 -0.06717
1.29429 0.00000 1.29429 1.29429
