# avg	std	min	max
-0.02078 0.00000 -0.02078 -0.02078
-0.01978 0.00000 -0.01978 -0.01978
-0.01849 0.00000 -0.01849 -0.01849
-0.01730 0.00000 -0.01730 -0.01730
-0.01589 0.00000 -0.01589 -0.01589
-0.02192 0.00000 -0.02192 -0.02192
-0.05915 0.00000 -0.05915 -0.05915
-0.07405 0.00000 -0.07405 -0.07405
-0.05174 0.00000 -0.05174 -0.05174
-0.01828 0.00000 -0.01828 -0.01828
-0.09602 0.00000 -0.09602 -0.09602
-0.02226 0.00000 -0.02226 -0.02226
0.03011 0.00000 0.03011 0.03011
-0.01803 0.00000 -0.01803 -0.01803
-0.02943 0.00000 -0.02943 -0.02943
-0.22960 0.00000 -0.22960 -0.22960
-0.13184 0.00000 -0.13184 -0.13184
0.00418 0.00000 0.00418 0.00418
0.00000 0.00000 0.00000 0.00000
0.02943 0.00000 0.02943 0.02943
