# avg	std	min	max
3.77610 0.00000 3.77610 3.77610
3.72836 0.00000 3.72836 3.72836
3.86984 0.00000 3.86984 3.86984
3.06928 0.00000 3.06928 3.06928
3.63381 0.00000 3.63381 3.63381
2.76693 0.00000 2.76693 2.76693
2.95728 0.00000 2.95728 2.95728
3.60360 0.00000 3.60360 3.60360
3.70751 0.00000 3.70751 3.70751
4.08906 0.00000 4.08906 4.08906
3.72654 0.00000 3.72654 3.72654
3.73413 0.00000 3.73413 3.73413
3.42574 0.00000 3.42574 3.42574
3.77448 0.00000 3.77448 3.77448
3.98359 0.00000 3.98359 3.98359
3.74864 0.00000 3.74864 3.74864
3.47720 0.00000 3.47720 3.47720
3.61357 0.00000 3.61357 3.61357
-0.01545 0.00000 -0.01545 -0.01545
3.65295 0.00000 3.65295 3.65295
