# avg	std	min	max
0.00830 0.00000 0.00830 0.00830
0.00826 0.00000 0.00826 0.00826
0.00671 0.00000 0.00671 0.00671
-0.00896 0.00000 -0.00896 -0.00896
-0.00475 0.00000 -0.00475 -0.00475
-0.00800 0.00000 -0.00800 -0.00800
-0.00002 0.00000 -0.00002 -0.00002
-0.00269 0.00000 -0.00269 -0.00269
0.00809 0.00000 0.00809 0.00809
0.00182 0.00000 0.00182 0.00182
0.00000 0.00000 0.00000 0.00000
0.00778 0.00000 0.00778 0.00778
-0.00602 0.00000 -0.00602 -0.00602
0.03765 0.00000 0.03765 0.03765
0.00062 0.00000 0.00062 0.00062
-0.05745 0.00000 -0.05745 -0.05745
-0.01031 0.00000 -0.01031 -0.01031
0.00572 0.00000 0.00572 0.00572
-0.00181 0.00000 -0.00181 -0.00181
0.03424 0.00000 0.03424 0.03424
