# avg	std	min	max
0.08592 0.00000 0.08592 0.08592
0.05462 0.00000 0.05462 0.05462
0.00262 0.00000 0.00262 0.00262
-0.02381 0.00000 -0.02381 -0.02381
-0.06585 0.00000 -0.06585 -0.06585
-0.17445 0.00000 -0.17445 -0.17445
-0.02767 0.00000 -0.02767 -0.02767
-0.47796 0.00000 -0.47796 -0.47796
0.04645 0.00000 0.04645 0.04645
-0.00039 0.00000 -0.00039 -0.00039
0.00024 0.00000 0.00024 0.00024
0.00014 0.00000 0.00014 0.00014
0.76983 0.00000 0.76983 0.76983
0.04127 0.00000 0.04127 0.04127
0.04305 0.00000 0.04305 0.04305
-0.09840 0.00000 -0.09840 -0.09840
-0.05471 0.00000 -0.05471 -0.05471
0.26943 0.00000 0.26943 0.26943
0.27608 0.00000 0.27608 0.27608
-0.10647 0.00000 -0.10647 -0.10647
