# avg	std	min	max
0.15461 0.00000 0.15461 0.15461
0.04836 0.00000 0.04836 0.04836
0.02128 0.00000 0.02128 0.02128
0.04441 0.00000 0.04441 0.04441
0.05176 0.00000 0.05176 0.05176
0.09932 0.00000 0.09932 0.09932
0.04552 0.00000 0.04552 0.04552
0.02863 0.00000 0.02863 0.02863
0.06598 0.00000 0.06598 0.06598
0.05388 0.00000 0.05388 0.05388
0.06477 0.00000 0.06477 0.06477
0.04068 0.00000 0.04068 0.04068
0.13620 0.00000 0.13620 0.13620
0.08366 0.00000 0.08366 0.08366
0.03823 0.00000 0.03823 0.03823
0.01848 0.00000 0.01848 0.01848
0.00000 0.00000 0.00000 0.00000
0.09878 0.00000 0.09878 0.09878
0.08031 0.00000 0.08031 0.08031
0.07561 0.00000 0.07561 0.07561
