# avg	std	min	max
0.44219 0.00000 0.44219 0.44219
0.30315 0.00000 0.30315 0.30315
0.30761 0.00000 0.30761 0.30761
0.32596 0.00000 0.32596 0.32596
0.17525 0.00000 0.17525 0.17525
0.37034 0.00000 0.37034 0.37034
0.34248 0.00000 0.34248 0.34248
0.33626 0.00000 0.33626 0.33626
0.48601 0.00000 0.48601 0.48601
0.28663 0.00000 0.28663 0.28663
0.27955 0.00000 0.27955 0.27955
0.29035 0.00000 0.29035 0.29035
0.34093 0.00000 0.34093 0.34093
0.35296 0.00000 0.35296 0.35296
0.37740 0.00000 0.37740 0.37740
0.20621 0.00000 0.20621 0.20621
0.01160 0.00000 0.01160 0.01160
0.36299 0.00000 0.36299 0.36299
0.35703 0.00000 0.35703 0.35703
0.42138 0.00000 0.42138 0.42138
