# avg	std	min	max
0.00000 0.00000 0.00000 0.00000
0.41898 0.00000 0.41898 0.41898
0.30696 0.00000 0.30696 0.30696
0.26954 0.00000 0.26954 0.26954
0.11988 0.00000 0.11988 0.11988
0.36339 0.00000 0.36339 0.36339
0.30610 0.00000 0.30610 0.30610
0.34991 0.00000 0.34991 0.34991
0.25529 0.00000 0.25529 0.25529
0.45865 0.00000 0.45865 0.45865
0.43314 0.00000 0.43314 0.43314
0.31863 0.00000 0.31863 0.31863
0.17439 0.00000 0.17439 0.17439
0.19628 0.00000 0.19628 0.19628
0.21913 0.00000 0.21913 0.21913
-0.06724 0.00000 -0.06724 -0.06724
0.06408 0.00000 0.06408 0.06408
0.25462 0.00000 0.25462 0.25462
0.27188 0.00000 0.27188 0.27188
-0.03520 0.00000 -0.03520 -0.03520
