# avg	std	min	max
-0.09167 0.00000 -0.09167 -0.09167
-0.09264 0.00000 -0.09264 -0.09264
-0.05924 0.00000 -0.05924 -0.05924
-0.06970 0.00000 -0.06970 -0.06970
-0.06431 0.00000 -0.06431 -0.06431
-0.06787 0.00000 -0.06787 -0.06787
-0.06922 0.00000 -0.06922 -0.06922
-0.07981 0.00000 -0.07981 -0.07981
-0.08348 0.00000 -0.08348 -0.08348
-0.07918 0.00000 -0.07918 -0.07918
-0.07374 0.00000 -0.07374 -0.07374
-0.08187 0.00000 -0.08187 -0.08187
-0.07372 0.00000 -0.07372 -0.07372
-0.09022 0.00000 -0.09022 -0.09022
-0.08990 0.00000 -0.08990 -0.08990
-0.09050 0.00000 -0.09050 -0.09050
-0.07869 0.00000 -0.07869 -0.07869
-0.00001 0.00000 -0.00001 -0.00001
0.02714 0.00000 0.02714 0.02714
-0.08487 0.00000 -0.08487 -0.08487
