# avg	std	min	max
0.12692 0.00000 0.12692 0.12692
0.07882 0.00000 0.07882 0.07882
0.04808 0.00000 0.04808 0.04808
0.00007 0.00000 0.00007 0.00007
0.01679 0.00000 0.01679 0.01679
0.06290 0.00000 0.06290 0.06290
0.36036 0.00000 0.36036 0.36036
0.17898 0.00000 0.17898 0.17898
0.04375 0.00000 0.04375 0.04375
-0.05269 0.00000 -0.05269 -0.05269
0.00562 0.00000 0.00562 0.00562
0.07147 0.00000 0.07147 0.07147
0.24107 0.00000 0.24107 0.24107
0.10406 0.00000 0.10406 0.10406
0.04566 0.00000 0.04566 0.04566
0.01071 0.00000 0.01071 0.01071
0.07543 0.00000 0.07543 0.07543
0.07003 0.00000 0.07003 0.07003
0.09402 0.00000 0.09402 0.09402
0.31839 0.00000 0.31839 0.31839
