# avg	std	min	max
-0.00034 0.00000 -0.00034 -0.00034
0.00000 0.00000 0.00000 0.00000
0.00000 0.00000 0.00000 0.00000
0.00000 0.00000 0.00000 0.00000
0.00000 0.00000 0.00000 0.00000
0.00000 0.00000 0.00000 0.00000
0.00000 0.00000 0.00000 0.00000
0.00000 0.00000 0.00000 0.00000
0.00000 0.00000 0.00000 0.00000
0.00000 0.00000 0.00000 0.00000
0.00000 0.00000 0.00000 0.00000
0.00000 0.00000 0.00000 0.00000
0.00000 0.00000 0.00000 0.00000
0.00000 0.00000 0.00000 0.00000
0.00000 0.00000 0.00000 0.00000
-0.02280 0.00000 -0.02280 -0.02280
-0.02840 0.00000 -0.02840 -0.02840
0.00512 0.00000 0.00512 0.00512
0.01501 0.00000 0.01501 0.01501
0.00000 0.00000 0.00000 0.00000
