# avg	std	min	max
-0.00841 0.00000 -0.00841 -0.00841
-0.00906 0.00000 -0.00906 -0.00906
-0.31858 0.00000 -0.31858 -0.31858
-0.00826 0.00000 -0.00826 -0.00826
-0.51937 0.00000 -0.51937 -0.51937
0.00005 0.00000 0.00005 0.00005
-0.00369 0.00000 -0.00369 -0.00369
0.00337 0.00000 0.00337 0.00337
0.00224 0.00000 0.00224 0.00224
-0.00912 0.00000 -0.00912 -0.00912
-0.01098 0.00000 -0.01098 -0.01098
-0.00920 0.00000 -0.00920 -0.00920
-0.00495 0.00000 -0.00495 -0.00495
0.00509 0.00000 0.00509 0.00509
-0.00335 0.00000 -0.00335 -0.00335
-0.04592 0.00000 -0.04592 -0.04592
-0.03089 0.00000 -0.03089 -0.03089
0.03612 0.00000 0.03612 0.03612
0.06316 0.00000 0.06316 0.06316
-0.00266 0.00000 -0.00266 -0.00266
