# avg	std	min	max
0.00373 0.00000 0.00373 0.00373
0.00000 0.00000 0.00000 0.00000
0.00000 0.00000 0.00000 0.00000
0.00000 0.00000 0.00000 0.00000
0.00000 0.00000 0.00000 0.00000
0.00000 0.00000 0.00000 0.00000
0.00000 0.00000 0.00000 0.00000
0.00000 0.00000 0.00000 0.00000
0.00575 0.00000 0.00575 0.00575
0.00000 0.00000 0.00000 0.00000
0.00000 0.00000 0.00000 0.00000
0.00000 0.00000 0.00000 0.00000
0.00000 0.00000 0.00000 0.00000
0.00000 0.00000 0.00000 0.00000
0.00000 0.00000 0.00000 0.00000
-0.01779 0.00000 -0.01779 -0.01779
-0.00954 0.00000 -0.00954 -0.00954
0.00063 0.00000 0.00063 0.00063
0.00781 0.00000 0.00781 0.00781
0.00000 0.00000 0.00000 0.00000
