# avg	std	min	max
-0.17871 0.00000 -0.17871 -0.17871
-0.18924 0.00000 -0.18924 -0.18924
-0.10976 0.00000 -0.10976 -0.10976
-0.03878 0.00000 -0.03878 -0.03878
-0.06924 0.00000 -0.06924 -0.06924
0.10797 0.00000 0.10797 0.10797
0.11820 0.00000 0.11820 0.11820
0.23207 0.00000 0.23207 0.23207
-0.18630 0.00000 -0.18630 -0.18630
-0.18604 0.00000 -0.18604 -0.18604
-0.17259 0.00000 -0.17259 -0.17259
-0.13543 0.00000 -0.13543 -0.13543
-0.66514 0.00000 -0.66514 -0.66514
-0.00040 0.00000 -0.00040 -0.00040
-0.00539 0.00000 -0.00539 -0.00539
-0.16296 0.00000 -0.16296 -0.16296
-0.05760 0.00000 -0.05760 -0.05760
-0.37563 0.00000 -0.37563 -0.37563
-0.05845 0.00000 -0.05845 -0.05845
0.18054 0.00000 0.18054 0.18054
