# avg	std	min	max
0.03428 0.00000 0.03428 0.03428
-0.01247 0.00000 -0.01247 -0.01247
0.02132 0.00000 0.02132 0.02132
-0.15502 0.00000 -0.15502 -0.15502
-0.14398 0.00000 -0.14398 -0.14398
-0.14017 0.00000 -0.14017 -0.14017
0.05504 0.00000 0.05504 0.05504
0.03102 0.00000 0.03102 0.03102
0.00231 0.00000 0.00231 0.00231
-0.02680 0.00000 -0.02680 -0.02680
0.01484 0.00000 0.01484 0.01484
0.00980 0.00000 0.00980 0.00980
-0.00577 0.00000 -0.00577 -0.00577
-0.02450 0.00000 -0.02450 -0.02450
-0.08714 0.00000 -0.08714 -0.08714
-0.40472 0.00000 -0.40472 -0.40472
-0.45156 0.00000 -0.45156 -0.45156
0.20203 0.00000 0.20203 0.20203
0.17849 0.00000 0.17849 0.17849
0.05351 0.00000 0.05351 0.05351
