# avg	std	min	max
-0.12526 0.00000 -0.12526 -0.12526
0.15916 0.00000 0.15916 0.15916
0.01426 0.00000 0.01426 0.01426
0.53915 0.00000 0.53915 0.53915
-0.10763 0.00000 -0.10763 -0.10763
0.09881 0.00000 0.09881 0.09881
0.62173 0.00000 0.62173 0.62173
0.78310 0.00000 0.78310 0.78310
-0.12903 0.00000 -0.12903 -0.12903
-0.07743 0.00000 -0.07743 -0.07743
0.09778 0.00000 0.09778 0.09778
-0.11099 0.00000 -0.11099 -0.11099
0.39118 0.00000 0.39118 0.39118
-0.69623 0.00000 -0.69623 -0.69623
-0.20643 0.00000 -0.20643 -0.20643
0.65240 0.00000 0.65240 0.65240
0.75802 0.00000 0.75802 0.75802
0.16194 0.00000 0.16194 0.16194
0.00000 0.00000 0.00000 0.00000
-0.45819 0.00000 -0.45819 -0.45819
