# avg	std	min	max
-0.02926 0.00000 -0.02926 -0.02926
-0.04491 0.00000 -0.04491 -0.04491
-0.02997 0.00000 -0.02997 -0.02997
-0.02404 0.00000 -0.02404 -0.02404
-0.02015 0.00000 -0.02015 -0.02015
-0.02087 0.00000 -0.02087 -0.02087
-0.01422 0.00000 -0.01422 -0.01422
0.00920 0.00000 0.00920 0.00920
-0.01554 0.00000 -0.01554 -0.01554
-0.04084 0.00000 -0.04084 -0.04084
0.00666 0.00000 0.00666 0.00666
-0.02565 0.00000 -0.02565 -0.02565
0.03038 0.00000 0.03038 0.03038
-0.02502 0.00000 -0.02502 -0.02502
-0.04029 0.00000 -0.04029 -0.04029
-0.04264 0.00000 -0.04264 -0.04264
-0.12966 0.00000 -0.12966 -0.12966
0.00075 0.00000 0.00075 0.00075
-0.00005 0.00000 -0.00005 -0.00005
0.12119 0.00000 0.12119 0.12119
