# avg	std	min	max
0.00075 0.00000 0.00075 0.00075
0.00072 0.00000 0.00072 0.00072
0.00055 0.00000 0.00055 0.00055
0.00093 0.00000 0.00093 0.00093
-0.00003 0.00000 -0.00003 -0.00003
0.00274 0.00000 0.00274 0.00274
0.00097 0.00000 0.00097 0.00097
0.00050 0.00000 0.00050 0.00050
0.00091 0.00000 0.00091 0.00091
0.00260 0.00000 0.00260 0.00260
0.00093 0.00000 0.00093 0.00093
0.00036 0.00000 0.00036 0.00036
0.00091 0.00000 0.00091 0.00091
0.00078 0.00000 0.00078 0.00078
0.00039 0.00000 0.00039 0.00039
-0.00001 0.00000 -0.00001 -0.00001
0.00059 0.00000 0.00059 0.00059
0.00053 0.00000 0.00053 0.00053
0.00001 0.00000 0.00001 0.00001
0.03199 0.00000 0.03199 0.03199
