# avg	std	min	max
0.01687 0.00000 0.01687 0.01687
0.01511 0.00000 0.01511 0.01511
0.00410 0.00000 0.00410 0.00410
0.01149 0.00000 0.01149 0.01149
0.00447 0.00000 0.00447 0.00447
0.00887 0.00000 0.00887 0.00887
0.00797 0.00000 0.00797 0.00797
0.00140 0.00000 0.00140 0.00140
0.00493 0.00000 0.00493 0.00493
0.00807 0.00000 0.00807 0.00807
0.00000 0.00000 0.00000 0.00000
0.00000 0.00000 0.00000 0.00000
-0.00057 0.00000 -0.00057 -0.00057
0.01653 0.00000 0.01653 0.01653
0.00296 0.00000 0.00296 0.00296
-0.11788 0.00000 -0.11788 -0.11788
-0.00888 0.00000 -0.00888 -0.00888
0.01637 0.00000 0.01637 0.01637
0.03803 0.00000 0.03803 0.03803
0.02047 0.00000 0.02047 0.02047
