# avg	std	min	max
0.00046 0.00000 0.00046 0.00046
0.00000 0.00000 0.00000 0.00000
0.00032 0.00000 0.00032 0.00032
0.00065 0.00000 0.00065 0.00065
0.00083 0.00000 0.00083 0.00083
-0.00001 0.00000 -0.00001 -0.00001
0.00032 0.00000 0.00032 0.00032
-0.00012 0.00000 -0.00012 -0.00012
0.00008 0.00000 0.00008 0.00008
0.00085 0.00000 0.00085 0.00085
0.00000 0.00000 0.00000 0.00000
-0.00074 0.00000 -0.00074 -0.00074
-0.00013 0.00000 -0.00013 -0.00013
0.00052 0.00000 0.00052 0.00052
0.00021 0.00000 0.00021 0.00021
-0.01901 0.00000 -0.01901 -0.01901
-0.00567 0.00000 -0.00567 -0.00567
0.00065 0.00000 0.00065 0.00065
0.00072 0.00000 0.00072 0.00072
0.00000 0.00000 0.00000 0.00000
