# avg	std	min	max
0.01211 0.00000 0.01211 0.01211
0.05888 0.00000 0.05888 0.05888
0.16870 0.00000 0.16870 0.16870
-0.07645 0.00000 -0.07645 -0.07645
0.03240 0.00000 0.03240 0.03240
-0.45977 0.00000 -0.45977 -0.45977
-0.24707 0.00000 -0.24707 -0.24707
-0.46609 0.00000 -0.46609 -0.46609
-0.04386 0.00000 -0.04386 -0.04386
0.08161 0.00000 0.08161 0.08161
0.00002 0.00000 0.00002 0.00002
0.01660 0.00000 0.01660 0.01660
-0.25064 0.00000 -0.25064 -0.25064
0.05542 0.00000 0.05542 0.05542
-0.34296 0.00000 -0.34296 -0.34296
-0.04920 0.00000 -0.04920 -0.04920
-0.01509 0.00000 -0.01509 -0.01509
-0.18081 0.00000 -0.18081 -0.18081
-0.08667 0.00000 -0.08667 -0.08667
-0.06798 0.00000 -0.06798 -0.06798
