# avg	std	min	max
0.01395 0.00000 0.01395 0.01395
0.00678 0.00000 0.00678 0.00678
-0.00001 0.00000 -0.00001 -0.00001
0.00083 0.00000 0.00083 0.00083
-0.00013 0.00000 -0.00013 -0.00013
-0.01245 0.00000 -0.01245 -0.01245
-0.00579 0.00000 -0.00579 -0.00579
-0.00332 0.00000 -0.00332 -0.00332
0.01520 0.00000 0.01520 0.01520
0.01162 0.00000 0.01162 0.01162
0.00211 0.00000 0.00211 0.00211
0.01164 0.00000 0.01164 0.01164
-0.00298 0.00000 -0.00298 -0.00298
0.00423 0.00000 0.00423 0.00423
-0.00688 0.00000 -0.00688 -0.00688
-0.05272 0.00000 -0.05272 -0.05272
-0.05896 0.00000 -0.05896 -0.05896
0.02568 0.00000 0.02568 0.02568
0.07729 0.00000 0.07729 0.07729
0.00005 0.00000 0.00005 0.00005
