# avg	std	min	max
0.06985 0.00000 0.06985 0.06985
-0.01880 0.00000 -0.01880 -0.01880
0.00001 0.00000 0.00001 0.00001
0.02341 0.00000 0.02341 0.02341
0.01175 0.00000 0.01175 0.01175
0.03139 0.00000 0.03139 0.03139
0.03459 0.00000 0.03459 0.03459
-0.07952 0.00000 -0.07952 -0.07952
0.04451 0.00000 0.04451 0.04451
-0.01652 0.00000 -0.01652 -0.01652
-0.00324 0.00000 -0.00324 -0.00324
-0.01768 0.00000 -0.01768 -0.01768
0.03451 0.00000 0.03451 0.03451
0.01942 0.00000 0.01942 0.01942
0.03976 0.00000 0.03976 0.03976
-0.07488 0.00000 -0.07488 -0.07488
-0.03588 0.00000 -0.03588 -0.03588
0.08739 0.00000 0.08739 0.08739
0.16367 0.00000 0.16367 0.16367
0.01428 0.00000 0.01428 0.01428
