# avg	std	min	max
0.00090 0.00000 0.00090 0.00090
0.00000 0.00000 0.00000 0.00000
-0.04226 0.00008 -0.04240 -0.04220
-0.14502 0.00384 -0.15270 -0.14290
-0.04606 0.07754 -0.10920 0.06270
-0.00642 0.00306 -0.00800 -0.00030
-0.07010 0.08947 -0.19200 0.05260
-0.04324 0.07089 -0.12560 0.05400
-0.00050 0.00000 -0.00050 -0.00050
-0.00030 0.00000 -0.00030 -0.00030
0.00510 0.00000 0.00510 0.00510
-0.00030 0.00000 -0.00030 -0.00030
-0.78308 0.27271 -1.26270 -0.50290
-0.00030 0.00000 -0.00030 -0.00030
0.02674 0.01354 -0.00030 0.03450
0.01906 0.05523 -0.05370 0.06950
0.02508 0.32016 -0.61110 0.22940
-0.01434 0.00085 -0.01550 -0.01290
-0.06898 0.00739 -0.08350 -0.06290
-0.10396 0.18208 -0.46670 -0.00130
