# avg	std	min	max
0.00000 0.00000 0.00000 0.00000
0.00000 0.00000 0.00000 0.00000
0.00000 0.00000 0.00000 0.00000
0.00004 0.00008 0.00000 0.00020
0.00010 0.00000 0.00010 0.00010
0.00830 0.00600 0.00530 0.02030
0.00414 0.00828 0.00000 0.02070
0.00000 0.00000 0.00000 0.00000
0.06544 0.00671 0.05490 0.07540
0.00000 0.00000 0.00000 0.00000
0.00000 0.00000 0.00000 0.00000
0.00000 0.00000 0.00000 0.00000
0.00444 0.00052 0.00360 0.00520
0.00274 0.00005 0.00270 0.00280
0.00000 0.00000 0.00000 0.00000
-0.01332 0.00302 -0.01800 -0.01010
-0.01652 0.00012 -0.01670 -0.01640
0.00800 0.00241 0.00600 0.01100
0.03510 0.02287 0.00560 0.06520
0.01994 0.00008 0.01980 0.02000
