# avg	std	min	max
-0.04620 0.00000 -0.04620 -0.04620
0.00000 0.00000 0.00000 0.00000
-0.18198 0.12477 -0.30920 0.05130
-0.05434 0.05167 -0.10330 0.04050
-0.20072 0.05129 -0.26740 -0.11040
0.63596 0.55026 -0.11130 1.30930
0.26924 0.43735 -0.03410 1.13800
0.30064 0.64894 -0.26970 1.54790
0.06198 0.00582 0.05330 0.06800
-0.03860 0.00000 -0.03860 -0.03860
-0.20648 0.02566 -0.23940 -0.16880
0.04250 0.05337 -0.06360 0.08040
0.33074 0.46154 -0.00800 1.24320
-0.00264 0.09909 -0.17950 0.09150
0.20180 0.46777 -0.07500 1.12930
-0.01846 0.10050 -0.19780 0.11120
0.33098 0.71001 -0.13250 1.74210
-0.01416 0.10835 -0.22590 0.08000
-0.06288 0.08702 -0.22010 0.04720
0.77682 0.52714 0.11810 1.26020
