# avg	std	min	max
0.62784 0.05099 0.54980 0.68880
-0.18464 0.07137 -0.27730 -0.09140
-1.17954 0.05983 -1.27390 -1.10950
-1.61520 0.16010 -1.75350 -1.30930
-1.27158 0.07410 -1.37610 -1.16710
-1.84158 0.11700 -1.97180 -1.68200
-0.92728 0.26906 -1.19250 -0.53140
-1.24862 0.11460 -1.38260 -1.12460
-0.09034 0.06250 -0.18820 -0.01880
0.21960 0.07382 0.08490 0.30690
-0.93292 0.06989 -1.03550 -0.81770
-0.48524 0.05918 -0.58680 -0.42810
-0.42554 0.04701 -0.48160 -0.34740
-0.30824 0.13285 -0.45100 -0.12820
-0.80486 0.34634 -1.24300 -0.17630
-0.00006 0.00012 -0.00030 0.00000
-0.31994 0.21279 -0.49460 0.07430
-0.63304 0.11914 -0.77120 -0.44200
-0.34818 0.13388 -0.49760 -0.18630
-0.12648 0.09461 -0.24040 0.03480
