# avg	std	min	max
2.21436 0.09899 2.09950 2.36130
2.13532 0.10818 1.94580 2.24270
1.93776 0.18187 1.77380 2.19170
1.76248 0.23552 1.48090 2.06590
1.82806 0.08716 1.69760 1.91880
1.53314 0.38111 0.83430 1.97210
1.50632 0.34280 1.06330 1.96490
1.18404 0.24635 0.94260 1.65790
2.09378 0.14023 1.87820 2.32060
1.89936 0.10930 1.74070 2.06290
1.96542 0.18174 1.73090 2.15080
2.14180 0.14159 1.97680 2.35060
1.37572 0.40907 0.87880 1.95050
1.75676 0.07794 1.64690 1.85140
2.03284 0.16359 1.89190 2.35370
-0.01044 0.02941 -0.04410 0.03720
2.05432 0.16476 1.92870 2.36100
1.94234 0.10800 1.76000 2.05710
1.90088 0.12729 1.73020 2.09670
1.98634 0.25422 1.72210 2.42840
