# avg	std	min	max
-0.08016 0.10159 -0.28140 -0.01360
-0.07318 0.09223 -0.25560 -0.01590
-0.02422 0.00044 -0.02510 -0.02400
0.01520 0.05131 -0.02200 0.11130
-0.03338 0.02229 -0.07090 -0.00570
-0.04822 0.00381 -0.05380 -0.04400
-0.01042 0.00690 -0.01780 0.00230
-0.06738 0.08985 -0.24630 -0.00940
0.10670 0.24974 -0.16030 0.58160
-0.06652 0.00004 -0.06660 -0.06650
-0.05380 0.00620 -0.05690 -0.04140
-0.02240 0.01778 -0.05300 0.00090
-0.06294 0.10584 -0.27450 -0.00310
-0.05176 0.05387 -0.15760 -0.01870
-0.06804 0.08902 -0.24600 -0.01840
-0.00014 0.00033 -0.00080 0.00010
0.03772 0.00412 0.02980 0.04180
-0.10430 0.02307 -0.12790 -0.07490
-0.28858 0.08708 -0.45840 -0.20880
-0.02630 0.00799 -0.03470 -0.01640
