# avg	std	min	max
-0.02292 0.08261 -0.09630 0.08050
-0.11334 0.07364 -0.16530 0.02990
-0.16064 0.06959 -0.20860 -0.02270
-0.10488 0.08608 -0.20280 -0.00250
-0.13140 0.05600 -0.17980 -0.02170
-0.22904 0.22231 -0.49120 0.02000
-0.12666 0.07182 -0.17710 0.01510
-0.12804 0.04494 -0.18390 -0.08150
-0.14636 0.01990 -0.16970 -0.12400
-0.07528 0.07277 -0.14690 0.01440
-0.12856 0.05198 -0.16420 -0.02590
-0.09518 0.07890 -0.18540 0.00170
-0.10152 0.07759 -0.17520 0.00920
-0.14610 0.00595 -0.15380 -0.13900
-0.13792 0.07301 -0.18420 0.00760
-0.08994 0.10169 -0.17770 0.10850
-0.00160 0.00000 -0.00160 -0.00160
-0.11216 0.08977 -0.17300 0.06490
-0.25342 0.04798 -0.33300 -0.20600
-0.15412 0.03526 -0.22420 -0.12900
