# avg	std	min	max
0.00662 0.00044 0.00640 0.00750
0.00590 0.00000 0.00590 0.00590
0.00386 0.00248 -0.00110 0.00510
0.08124 0.09246 0.00590 0.21220
0.00540 0.00000 0.00540 0.00540
0.00350 0.00304 -0.00130 0.00590
0.13060 0.08088 -0.03100 0.17700
0.10136 0.07997 0.00590 0.18790
0.00456 0.00288 -0.00120 0.00600
0.00454 0.00239 -0.00020 0.00590
0.00388 0.00244 -0.00100 0.00510
0.00510 0.00000 0.00510 0.00510
0.00446 0.00288 -0.00130 0.00590
0.00590 0.00000 0.00590 0.00590
0.00350 0.00304 -0.00130 0.00590
0.00740 0.00000 0.00740 0.00740
-0.00008 0.00004 -0.00010 0.00000
0.00446 0.00288 -0.00130 0.00590
0.00408 0.00249 -0.00090 0.00540
0.00332 0.00381 -0.00130 0.00740
