# avg	std	min	max
-0.01422 0.02216 -0.02530 0.03010
-0.05376 0.01003 -0.07260 -0.04540
-0.04210 0.01015 -0.06240 -0.03690
-0.04076 0.00986 -0.05000 -0.02300
-0.02424 0.01108 -0.04640 -0.01870
-0.01938 0.01457 -0.03200 -0.00110
-0.02540 0.02225 -0.04640 0.01640
-0.04720 0.00000 -0.04720 -0.04720
-0.02990 0.00000 -0.02990 -0.02990
-0.14210 0.11622 -0.30400 -0.04780
-0.03998 0.00004 -0.04000 -0.03990
-0.05130 0.00054 -0.05210 -0.05080
-0.03258 0.02455 -0.04720 0.01590
-0.03786 0.00132 -0.04050 -0.03720
-0.02796 0.01330 -0.04380 -0.00330
0.03958 0.01582 0.02500 0.06100
-0.00480 0.00000 -0.00480 -0.00480
-0.09068 0.01449 -0.11650 -0.07570
-0.11832 0.00730 -0.13040 -0.10850
-0.02770 0.02379 -0.04190 0.01970
