# avg	std	min	max
0.02566 0.05451 -0.05860 0.08540
-0.00316 0.03735 -0.07440 0.02190
-0.02122 0.09748 -0.17310 0.06980
0.01580 0.04739 -0.06980 0.06340
0.01936 0.06546 -0.06610 0.10110
0.02380 0.00989 0.00970 0.03420
0.00000 0.00000 0.00000 0.00000
0.00998 0.01073 -0.00490 0.02760
0.45378 0.01464 0.42450 0.46170
-0.01858 0.01491 -0.04340 0.00270
-0.02806 0.05863 -0.14070 0.02000
0.01890 0.05052 -0.08090 0.05060
0.00042 0.00004 0.00040 0.00050
-0.02834 0.04656 -0.11570 0.01240
-0.01034 0.05014 -0.11020 0.02200
0.07608 0.01380 0.05280 0.09600
0.03656 0.01812 0.00500 0.05420
-0.05236 0.03928 -0.10540 -0.00590
-0.10044 0.04058 -0.14230 -0.05120
-0.04324 0.07188 -0.18100 0.00900
