# avg	std	min	max
0.07706 0.00193 0.07470 0.07960
0.05758 0.02922 0.00060 0.08290
0.07338 0.00035 0.07300 0.07390
0.05918 0.00157 0.05710 0.06100
0.07630 0.00420 0.07280 0.08230
0.06044 0.03355 -0.00220 0.09900
0.00000 0.00000 0.00000 0.00000
0.06012 0.00012 0.06000 0.06030
0.16954 0.12008 0.04830 0.40020
0.07588 0.00458 0.06820 0.08060
0.06048 0.02509 0.01030 0.07310
0.09374 0.00589 0.08410 0.10060
-0.00040 0.00040 -0.00120 -0.00020
0.06044 0.00029 0.06020 0.06100
0.05050 0.01945 0.01160 0.06030
0.08492 0.00439 0.07940 0.08870
0.05460 0.01720 0.03140 0.07380
0.04078 0.02895 -0.00980 0.06700
0.03130 0.04267 -0.01950 0.07630
0.06068 0.00111 0.06000 0.06290
