# avg	std	min	max
3.75960 0.26684 3.23360 3.95800
3.86148 0.03867 3.81760 3.92020
2.74752 0.34433 2.07660 3.00270
2.14138 0.11104 2.04080 2.29440
2.29870 0.40811 1.48320 2.52340
1.14780 0.04526 1.06770 1.19380
0.06894 0.06185 0.00620 0.18220
1.79590 0.02081 1.76840 1.82530
3.23180 0.12189 3.07400 3.40120
3.76058 0.29116 3.18270 3.96850
3.12786 0.33108 2.46740 3.31690
3.21246 0.05084 3.12540 3.27120
-0.08420 0.00733 -0.09200 -0.07040
3.58430 0.05801 3.47940 3.64970
3.24148 0.05474 3.15890 3.31070
3.89656 0.05715 3.79280 3.96430
3.38786 0.04718 3.30140 3.44560
2.79100 0.07684 2.71060 2.92690
2.90792 0.24780 2.61150 3.24360
3.20000 0.23258 2.74460 3.39320
