# avg	std	min	max
0.00000 0.00000 0.00000 0.00000
0.36224 0.07669 0.28920 0.50270
0.22196 0.16382 -0.01530 0.47220
2.69660 0.33856 2.06120 3.04150
1.88656 0.06872 1.79470 2.00660
0.95306 0.77909 0.06080 2.29990
1.46738 1.50988 -0.31810 4.02660
2.58912 0.19447 2.37960 2.87310
0.57362 0.07491 0.48020 0.68120
0.39086 0.09263 0.23040 0.48400
0.85228 0.23915 0.60960 1.27990
0.19800 0.05993 0.10560 0.26850
2.39570 2.24151 0.26450 6.69890
1.25458 0.26349 0.81020 1.57600
2.34122 0.83144 1.29690 3.43340
2.40378 0.20809 2.13230 2.76020
3.65030 0.36037 3.18350 4.00740
1.93714 0.48076 1.43580 2.79650
1.52910 0.95783 -0.20760 2.73540
1.04936 0.38155 0.67760 1.77180
