# avg	std	min	max
2.37438 0.01320 2.35620 2.39320
1.43626 0.01758 1.41750 1.46960
0.28150 0.04673 0.19500 0.32310
0.40774 0.04273 0.35590 0.46630
1.21792 0.08045 1.06710 1.29470
0.09112 0.07818 -0.03280 0.19550
-0.12524 0.06723 -0.20800 -0.03840
0.80930 0.03467 0.74930 0.85660
1.67796 0.03642 1.62070 1.72240
1.75520 0.02784 1.70220 1.78440
0.83806 0.02306 0.81660 0.86810
0.88596 0.02366 0.85270 0.92470
0.19482 0.02153 0.16460 0.22970
0.37500 0.30656 -0.15730 0.63610
0.51482 0.04031 0.44660 0.55930
1.13642 0.33810 0.92580 1.80900
0.81120 0.01888 0.78900 0.83610
0.51352 0.09494 0.34620 0.60770
0.40526 0.12959 0.24030 0.57780
-0.04312 0.02644 -0.06930 -0.00910
