# avg	std	min	max
0.00002 0.00004 0.00000 0.00010
0.00000 0.00000 0.00000 0.00000
0.00000 0.00000 0.00000 0.00000
0.00000 0.00000 0.00000 0.00000
0.00000 0.00000 0.00000 0.00000
0.00000 0.00000 0.00000 0.00000
-0.00908 0.00897 -0.01660 0.00330
-0.01028 0.00901 -0.01690 0.00730
-0.00116 0.00227 -0.00570 0.00000
0.00000 0.00000 0.00000 0.00000
0.00000 0.00000 0.00000 0.00000
-0.00008 0.00017 -0.00040 0.00010
-0.01308 0.00580 -0.01910 -0.00570
0.00000 0.00000 0.00000 0.00000
-0.00410 0.00221 -0.00670 0.00000
0.03048 0.00031 0.03010 0.03100
0.02930 0.00777 0.01380 0.03360
-0.01732 0.00733 -0.02440 -0.00840
-0.05176 0.00839 -0.06170 -0.03970
0.01100 0.01104 -0.00110 0.02400
