# avg	std	min	max
0.00932 0.02828 -0.02670 0.05960
-0.00266 0.00532 -0.01330 0.00000
-0.00004 0.00008 -0.00020 0.00000
0.00000 0.00000 0.00000 0.00000
0.00000 0.00000 0.00000 0.00000
0.03078 0.03122 -0.01740 0.08000
0.05900 0.05522 -0.02930 0.13490
0.18394 0.05426 0.07780 0.22620
0.00398 0.00796 0.00000 0.01990
0.00012 0.00024 0.00000 0.00060
-0.00082 0.00201 -0.00480 0.00070
0.00004 0.00008 0.00000 0.00020
0.16770 0.06310 0.07980 0.21910
-0.00242 0.00484 -0.01210 0.00000
0.00536 0.00742 -0.00350 0.01550
0.00578 0.00025 0.00550 0.00620
0.02136 0.00427 0.01650 0.02760
0.07164 0.02250 0.03680 0.09720
0.03524 0.02375 -0.00920 0.05220
0.01902 0.00305 0.01330 0.02220
