# avg	std	min	max
-0.00024 0.00008 -0.00040 -0.00020
0.00012 0.00010 0.00000 0.00020
0.00000 0.00000 0.00000 0.00000
0.00002 0.00010 -0.00010 0.00020
0.00000 0.00000 0.00000 0.00000
0.00000 0.00000 0.00000 0.00000
0.00010 0.00009 0.00000 0.00020
0.00012 0.00010 0.00000 0.00020
0.00010 0.00000 0.00010 0.00010
-0.00004 0.00005 -0.00010 0.00000
0.00000 0.00000 0.00000 0.00000
0.00000 0.00000 0.00000 0.00000
0.00006 0.00012 -0.00010 0.00020
0.00004 0.00010 -0.00010 0.00020
0.00004 0.00008 0.00000 0.00020
0.00008 0.00010 0.00000 0.00020
0.00000 0.00000 0.00000 0.00000
0.00000 0.00000 0.00000 0.00000
0.00000 0.00000 0.00000 0.00000
0.00012 0.00010 0.00000 0.00020
