# avg	std	min	max
-0.00210 0.00000 -0.00210 -0.00210
-0.00230 0.00000 -0.00230 -0.00230
0.02856 0.08810 -0.03250 0.20330
-0.00354 0.00063 -0.00420 -0.00240
0.03770 0.08180 -0.00320 0.20130
-0.00620 0.00078 -0.00730 -0.00550
-0.00570 0.00000 -0.00570 -0.00570
0.15924 0.10641 -0.02980 0.30100
0.09930 0.09632 -0.02350 0.22500
-0.00220 0.00000 -0.00220 -0.00220
-0.00210 0.00000 -0.00210 -0.00210
-0.00320 0.00000 -0.00320 -0.00320
-0.00580 0.00000 -0.00580 -0.00580
-0.00220 0.00000 -0.00220 -0.00220
-0.00304 0.00012 -0.00320 -0.00290
-0.06842 0.07429 -0.21700 -0.03100
-0.01424 0.00136 -0.01610 -0.01270
0.00020 0.00000 0.00020 0.00020
0.00974 0.00286 0.00620 0.01480
-0.00220 0.00000 -0.00220 -0.00220
