# avg	std	min	max
0.34070 0.00221 0.33860 0.34390
-0.09280 0.00350 -0.09750 -0.08830
0.10946 0.29948 -0.08120 0.70570
-0.00268 0.00276 -0.00690 0.00010
-0.03936 0.05270 -0.10610 0.03580
0.12228 0.08107 -0.03420 0.19810
-0.04356 0.16687 -0.16660 0.28290
0.15464 0.71691 -0.87780 1.32050
-0.35812 0.08983 -0.41530 -0.17960
-0.09434 0.00272 -0.09790 -0.09170
-0.27370 0.00716 -0.28320 -0.26430
-0.05092 0.00213 -0.05490 -0.04850
-0.02932 0.12017 -0.13070 0.19880
-0.06434 0.00678 -0.07110 -0.05450
-0.04132 0.01982 -0.06440 -0.01310
0.23822 0.27510 0.00630 0.59410
0.08522 0.02744 0.04580 0.11670
0.09042 0.05628 0.02220 0.19400
0.20790 0.62508 -0.13120 1.45770
-0.12740 0.02440 -0.15040 -0.08600
