# avg	std	min	max
0.31594 0.09634 0.21730 0.43310
0.29832 0.04154 0.25840 0.37700
0.15604 0.03675 0.11340 0.22200
0.01376 0.02206 -0.00450 0.05640
0.23038 0.05109 0.18120 0.29810
-0.10380 0.04899 -0.17060 -0.04120
-0.13988 0.06021 -0.23050 -0.05930
0.37722 0.01815 0.34500 0.40090
0.34292 0.04268 0.28170 0.41120
0.41674 0.05566 0.35440 0.48970
0.39714 0.05712 0.32340 0.46720
0.30752 0.03295 0.25470 0.35440
-0.06290 0.07779 -0.15360 0.06490
0.06528 0.51951 -0.62090 0.51540
-0.15980 0.03975 -0.20960 -0.09830
0.68538 0.08261 0.57290 0.81270
0.35786 0.15299 0.16870 0.52130
-0.58780 0.03242 -0.63180 -0.53400
-0.68316 0.08938 -0.82710 -0.54480
0.01184 0.84297 -0.78150 1.60910
