# avg	std	min	max
0.00000 0.00000 0.00000 0.00000
0.00210 0.00377 0.00000 0.00960
0.00000 0.00000 0.00000 0.00000
0.00000 0.00000 0.00000 0.00000
0.00516 0.01032 0.00000 0.02580
0.00656 0.01312 0.00000 0.03280
0.00026 0.00043 0.00000 0.00110
0.00000 0.00000 0.00000 0.00000
-0.00060 0.00146 -0.00350 0.00050
0.00532 0.01024 0.00000 0.02580
0.00000 0.00000 0.00000 0.00000
0.00000 0.00000 0.00000 0.00000
-0.00010 0.00020 -0.00050 0.00000
0.00012 0.00024 0.00000 0.00060
0.00000 0.00000 0.00000 0.00000
0.00728 0.00994 0.00000 0.02580
0.00000 0.00000 0.00000 0.00000
0.00904 0.00375 0.00640 0.01600
0.01246 0.01212 0.00640 0.03670
0.00206 0.00381 -0.00050 0.00960
