# avg	std	min	max
-0.16878 0.01172 -0.17620 -0.14540
-0.17470 0.00091 -0.17560 -0.17310
-0.17392 0.00097 -0.17560 -0.17300
-0.01532 0.01857 -0.04270 0.00110
-0.09242 0.00078 -0.09320 -0.09100
0.08078 0.02103 0.06190 0.12090
0.15774 0.05120 0.05990 0.20860
0.56948 0.10095 0.41970 0.72610
-0.15794 0.01826 -0.17400 -0.13210
-0.17514 0.00147 -0.17800 -0.17380
-0.15750 0.02064 -0.17630 -0.13050
-0.16478 0.01554 -0.17350 -0.13380
0.36124 0.03326 0.30330 0.39290
-0.15254 0.01228 -0.16180 -0.12820
0.03782 0.01483 0.02410 0.05730
-0.13476 0.05847 -0.19660 -0.02860
-0.03130 0.01693 -0.05290 -0.00470
0.03144 0.04089 -0.04160 0.07560
0.02652 0.11851 -0.09910 0.25190
0.24236 0.10783 0.11970 0.38620
