# avg	std	min	max
0.00098 0.00016 0.00090 0.00130
0.00046 0.00020 0.00030 0.00070
-0.00042 0.00016 -0.00050 -0.00010
0.00000 0.00000 0.00000 0.00000
-0.00032 0.00004 -0.00040 -0.00030
0.00012 0.00022 -0.00020 0.00030
0.00058 0.00016 0.00050 0.00090
0.00050 0.00000 0.00050 0.00050
0.00056 0.00020 0.00040 0.00080
0.00030 0.00017 0.00010 0.00050
-0.00010 0.00000 -0.00010 -0.00010
0.00028 0.00016 0.00020 0.00060
0.00050 0.00000 0.00050 0.00050
0.00040 0.00000 0.00040 0.00040
0.00038 0.00016 0.00030 0.00070
0.00978 0.00007 0.00970 0.00990
0.00030 0.00000 0.00030 0.00030
-0.00074 0.00017 -0.00100 -0.00060
-0.00798 0.00404 -0.01020 0.00010
0.00058 0.00016 0.00050 0.00090
