# avg	std	min	max
0.00250 0.00000 0.00250 0.00250
-0.00514 0.01057 -0.02510 0.00210
0.00210 0.00135 0.00140 0.00480
0.00002 0.00004 0.00000 0.00010
0.00162 0.00154 0.00020 0.00440
-0.00114 0.00005 -0.00120 -0.00110
0.01084 0.00688 -0.00150 0.01980
-0.00046 0.00117 -0.00280 0.00020
0.00168 0.00159 0.00020 0.00470
0.00076 0.00308 -0.00540 0.00230
0.00364 0.00228 0.00250 0.00820
0.00120 0.00000 0.00120 0.00120
0.00998 0.00787 -0.00260 0.01790
0.00060 0.00000 0.00060 0.00060
-0.00358 0.00661 -0.01680 0.00010
0.01146 0.00005 0.01140 0.01150
0.00892 0.01220 -0.00710 0.02850
0.00208 0.00012 0.00190 0.00220
0.00202 0.00605 -0.01000 0.00630
-0.00082 0.00004 -0.00090 -0.00080
