# avg	std	min	max
0.00000 0.00000 0.00000 0.00000
0.00000 0.00000 0.00000 0.00000
0.00000 0.00000 0.00000 0.00000
0.00000 0.00000 0.00000 0.00000
0.00000 0.00000 0.00000 0.00000
0.00000 0.00000 0.00000 0.00000
0.00012 0.00024 0.00000 0.00060
-0.00016 0.00032 -0.00080 0.00000
-0.03814 0.00615 -0.04510 -0.03070
0.00000 0.00000 0.00000 0.00000
0.00000 0.00000 0.00000 0.00000
0.00000 0.00000 0.00000 0.00000
0.00000 0.00000 0.00000 0.00000
0.00000 0.00000 0.00000 0.00000
0.00000 0.00000 0.00000 0.00000
-0.00338 0.00052 -0.00410 -0.00270
-0.00108 0.00062 -0.00170 0.00010
0.00336 0.00189 0.00180 0.00700
0.00048 0.00072 -0.00020 0.00180
0.00000 0.00000 0.00000 0.00000
