# avg	std	min	max
1.60864 0.02626 1.57150 1.63810
1.72402 0.01560 1.70580 1.74260
1.50986 0.38314 1.03120 1.83080
0.45412 0.04409 0.40750 0.53060
0.85160 0.28923 0.58600 1.39890
0.00208 0.02617 -0.01660 0.05020
1.10222 0.03892 1.03950 1.13770
0.62392 0.25572 0.11490 0.78660
1.49930 0.05056 1.45160 1.59620
1.56174 0.16725 1.33490 1.76950
1.35670 0.03989 1.28570 1.40950
1.51196 0.04316 1.46000 1.57200
1.12042 0.01841 1.10410 1.15470
1.35344 0.04766 1.30390 1.41320
1.15312 0.06501 1.04790 1.22220
0.95332 0.03436 0.88990 0.99410
0.78396 0.04871 0.69810 0.82720
0.76196 0.03198 0.72800 0.80600
1.06332 0.04615 1.01190 1.13650
1.45330 0.07647 1.31210 1.53580
