# avg	std	min	max
0.01306 0.00005 0.01300 0.01310
0.01304 0.00008 0.01290 0.01310
0.00458 0.00765 -0.00280 0.01380
-0.00390 0.00385 -0.00840 0.00120
-0.00768 0.00033 -0.00820 -0.00730
-0.10368 0.09530 -0.28610 -0.00710
-0.10322 0.07066 -0.19650 0.02240
-0.18932 0.10008 -0.38910 -0.13230
0.03670 0.00009 0.03660 0.03680
0.01294 0.00005 0.01290 0.01300
-0.00116 0.00010 -0.00130 -0.00100
-0.00052 0.00007 -0.00060 -0.00040
-0.14284 0.03233 -0.18780 -0.10570
0.00010 0.00011 0.00000 0.00030
-0.03512 0.02378 -0.06500 0.00670
0.06796 0.00010 0.06780 0.06810
0.03900 0.04590 -0.05220 0.06830
-0.12600 0.04235 -0.15320 -0.04300
-0.34770 0.17269 -0.68920 -0.23140
-0.04214 0.01695 -0.06370 -0.01840
