# avg	std	min	max
-0.02190 0.00000 -0.02190 -0.02190
0.00756 0.00008 0.00750 0.00770
0.01234 0.00005 0.01230 0.01240
0.00272 0.01133 -0.00660 0.01660
0.00298 0.00825 -0.01060 0.01180
0.01400 0.00626 0.00700 0.02360
-0.00172 0.00404 -0.00720 0.00160
-0.00426 0.00493 -0.00680 0.00560
-0.04284 0.00272 -0.04530 -0.03810
0.01086 0.00005 0.01080 0.01090
0.02360 0.00420 0.01570 0.02660
0.00260 0.00075 0.00220 0.00410
-0.00192 0.00427 -0.00720 0.00160
0.00002 0.00004 0.00000 0.00010
-0.01182 0.00346 -0.01370 -0.00490
0.06306 0.00005 0.06300 0.06310
0.04048 0.00773 0.03160 0.04980
0.00260 0.00846 -0.00800 0.01670
-0.00060 0.00950 -0.01550 0.01450
-0.00762 0.00015 -0.00780 -0.00750
