# avg	std	min	max
0.00210 0.00000 0.00210 0.00210
0.00080 0.00000 0.00080 0.00080
0.00080 0.00000 0.00080 0.00080
0.00080 0.00000 0.00080 0.00080
-0.02046 0.01752 -0.03790 0.00080
-0.00828 0.01816 -0.04460 0.00080
0.00080 0.00000 0.00080 0.00080
0.00080 0.00000 0.00080 0.00080
0.00000 0.00000 0.00000 0.00000
0.00080 0.00000 0.00080 0.00080
0.00100 0.00056 0.00050 0.00210
0.00080 0.00000 0.00080 0.00080
0.00080 0.00000 0.00080 0.00080
0.00080 0.00000 0.00080 0.00080
0.00080 0.00000 0.00080 0.00080
-0.02804 0.14317 -0.10630 0.25820
-0.06552 0.01031 -0.07330 -0.04650
0.03300 0.00863 0.01650 0.03940
-0.06894 0.17745 -0.42360 0.03200
-0.00118 0.00396 -0.00910 0.00080
