# avg	std	min	max
-0.01454 0.00552 -0.02550 -0.01130
-0.02478 0.02467 -0.06370 -0.00430
-0.06478 0.02992 -0.12340 -0.04160
-0.03958 0.03717 -0.10390 0.00580
-0.05260 0.01722 -0.06640 -0.01890
-0.01878 0.02576 -0.05770 0.00810
-0.15410 0.05650 -0.25820 -0.10060
-0.08486 0.00075 -0.08540 -0.08340
0.00030 0.00000 0.00030 0.00030
-0.04470 0.05118 -0.13850 -0.00710
-0.02998 0.03747 -0.10490 -0.00980
-0.01906 0.01635 -0.05000 -0.00680
-0.11120 0.01857 -0.14050 -0.09370
-0.03400 0.02977 -0.07400 -0.00920
-0.01272 0.02399 -0.04380 0.00890
-0.06328 0.06337 -0.18200 -0.00780
-0.05584 0.03066 -0.11010 -0.02670
-0.04688 0.01687 -0.05990 -0.01380
0.30446 0.18654 -0.03150 0.53380
-0.05782 0.02180 -0.08990 -0.02170
