# avg	std	min	max
-0.00008 0.00010 -0.00020 0.00000
-0.00218 0.00263 -0.00660 0.00000
0.00000 0.00000 0.00000 0.00000
-0.00156 0.00312 -0.00780 0.00000
0.00002 0.00004 0.00000 0.00010
0.00000 0.00000 0.00000 0.00000
-0.00004 0.00008 -0.00020 0.00000
-0.00088 0.00166 -0.00420 0.00000
0.00000 0.00000 0.00000 0.00000
0.00096 0.00192 0.00000 0.00480
-0.00188 0.00199 -0.00420 0.00040
0.00000 0.00000 0.00000 0.00000
-0.00004 0.00032 -0.00060 0.00040
0.00086 0.00172 0.00000 0.00430
0.00000 0.00000 0.00000 0.00000
0.00000 0.00000 0.00000 0.00000
0.00000 0.00000 0.00000 0.00000
-0.00030 0.00096 -0.00210 0.00080
-0.00144 0.00177 -0.00420 0.00000
-0.00186 0.00288 -0.00750 0.00000
