# avg	std	min	max
0.08070 0.00063 0.07960 0.08140
-0.00798 0.00221 -0.01060 -0.00500
-0.05816 0.00967 -0.06520 -0.03900
-0.28100 0.00188 -0.28310 -0.27790
-0.14936 0.03273 -0.17870 -0.08720
-0.29470 0.09203 -0.41810 -0.15430
0.10574 0.04864 0.06650 0.19790
-0.44190 0.17709 -0.61510 -0.22670
-0.03996 0.03230 -0.06810 0.00150
0.03376 0.00114 0.03240 0.03580
0.00676 0.00241 0.00410 0.00990
-0.20136 0.15128 -0.50390 -0.12360
0.09458 0.05932 0.05780 0.21270
0.05644 0.01536 0.04730 0.08710
0.03670 0.00182 0.03350 0.03870
0.08048 0.03697 0.00830 0.11300
0.20670 0.18323 -0.15970 0.30140
-0.39356 0.02939 -0.44040 -0.36030
-0.33176 0.01480 -0.35540 -0.31250
0.07440 0.02861 0.04440 0.12300
