# avg	std	min	max
0.00022 0.00039 -0.00030 0.00060
0.00030 0.00000 0.00030 0.00030
-0.00026 0.00005 -0.00030 -0.00020
0.00000 0.00000 0.00000 0.00000
-0.00014 0.00022 -0.00030 0.00030
0.00000 0.00000 0.00000 0.00000
0.00000 0.00000 0.00000 0.00000
0.00000 0.00000 0.00000 0.00000
-0.00028 0.00022 -0.00060 -0.00010
0.00070 0.00000 0.00070 0.00070
-0.01396 0.02872 -0.07140 0.00040
0.00000 0.00000 0.00000 0.00000
0.00000 0.00000 0.00000 0.00000
0.00000 0.00000 0.00000 0.00000
0.00000 0.00000 0.00000 0.00000
-0.03390 0.00132 -0.03520 -0.03230
-0.02560 0.00352 -0.03000 -0.02240
0.00232 0.00494 -0.00020 0.01220
0.01918 0.00877 0.00220 0.02700
0.00000 0.00000 0.00000 0.00000
