# avg	std	min	max
0.00460 0.00381 -0.00300 0.00670
-0.00152 0.00004 -0.00160 -0.00150
0.00010 0.00000 0.00010 0.00010
0.00000 0.00000 0.00000 0.00000
0.00010 0.00000 0.00010 0.00010
0.00000 0.00000 0.00000 0.00000
0.00000 0.00000 0.00000 0.00000
0.00002 0.00004 0.00000 0.00010
-0.00870 0.00000 -0.00870 -0.00870
-0.00070 0.00000 -0.00070 -0.00070
-0.00542 0.01055 -0.02650 0.00080
-0.00560 0.01011 -0.02580 0.00000
0.00000 0.00000 0.00000 0.00000
-0.00160 0.00000 -0.00160 -0.00160
0.00000 0.00000 0.00000 0.00000
0.00096 0.00005 0.00090 0.00100
-0.00006 0.00126 -0.00160 0.00100
0.00414 0.00005 0.00410 0.00420
-0.00880 0.00000 -0.00880 -0.00880
0.00000 0.00000 0.00000 0.00000
