# avg	std	min	max
0.44732 0.11873 0.22640 0.56110
0.06072 0.00626 0.05130 0.06950
-0.85678 0.11161 -1.00220 -0.68610
-1.03830 0.06884 -1.09210 -0.90410
-1.04894 0.28116 -1.24790 -0.49320
-1.36832 0.04810 -1.40230 -1.27360
-0.24454 0.87704 -0.83010 1.49540
-0.28404 1.94061 -2.12900 2.80700
-0.12914 0.37729 -0.42620 0.58730
-0.85018 0.04296 -0.89610 -0.77880
-0.19106 0.06663 -0.28340 -0.07640
-0.09532 0.01493 -0.11480 -0.07080
0.04018 0.37193 -0.45880 0.45790
-0.50182 0.03837 -0.54920 -0.46290
0.00000 0.00000 0.00000 0.00000
0.14854 0.32469 -0.12580 0.76630
0.62866 0.05041 0.53710 0.67670
-0.80818 0.63490 -1.20580 0.45590
-0.69892 0.12676 -0.94030 -0.58960
-0.62654 0.20615 -0.80580 -0.28500
