# avg	std	min	max
0.00830 0.00000 0.00830 0.00830
0.00848 0.00019 0.00820 0.00880
0.00806 0.00012 0.00800 0.00830
0.00770 0.00041 0.00690 0.00800
0.00766 0.00017 0.00740 0.00780
0.00660 0.00013 0.00640 0.00670
0.00710 0.00027 0.00680 0.00750
0.00662 0.00015 0.00640 0.00680
0.00856 0.00012 0.00850 0.00880
0.00852 0.00010 0.00840 0.00870
0.00836 0.00012 0.00830 0.00860
0.00812 0.00019 0.00800 0.00850
0.00728 0.00024 0.00700 0.00760
0.00796 0.00012 0.00790 0.00820
0.00798 0.00044 0.00710 0.00820
0.00806 0.00012 0.00790 0.00820
0.00806 0.00040 0.00730 0.00840
0.00006 0.00088 -0.00060 0.00180
-0.00006 0.00012 -0.00030 0.00000
0.00786 0.00021 0.00760 0.00810
