# avg	std	min	max
0.12882 0.13847 -0.10750 0.26870
0.01790 0.01665 -0.00070 0.04310
0.00986 0.01566 -0.01830 0.02300
0.02936 0.01157 0.01550 0.04420
0.01530 0.01347 0.00180 0.03920
0.02374 0.01017 0.01550 0.04320
0.02404 0.01118 0.01820 0.04640
0.01874 0.00083 0.01720 0.01970
-0.03988 0.02651 -0.06510 -0.00380
0.01770 0.01691 -0.00440 0.04180
0.00130 0.01132 -0.01810 0.01380
0.02854 0.00737 0.01640 0.03880
0.02398 0.01101 0.01840 0.04600
0.02338 0.01161 0.00070 0.03360
0.02196 0.01295 0.01270 0.04760
0.07396 0.00848 0.06650 0.08990
0.03998 0.00886 0.03540 0.05770
0.02678 0.01354 0.00660 0.04800
0.00006 0.00032 -0.00010 0.00070
0.01516 0.00446 0.00650 0.01940
