# avg	std	min	max
0.00808 0.00032 0.00750 0.00850
0.00766 0.00033 0.00730 0.00810
0.00610 0.00026 0.00570 0.00640
0.00418 0.00007 0.00410 0.00430
0.00480 0.00034 0.00440 0.00540
0.00374 0.00024 0.00340 0.00400
0.00268 0.00023 0.00240 0.00310
0.00226 0.00041 0.00180 0.00300
0.00668 0.00052 0.00590 0.00710
0.00692 0.00040 0.00630 0.00730
0.00590 0.00024 0.00550 0.00620
0.00562 0.00039 0.00500 0.00610
0.00256 0.00014 0.00230 0.00270
0.00486 0.00027 0.00440 0.00510
0.00418 0.00004 0.00410 0.00420
-0.01206 0.00061 -0.01320 -0.01150
0.00518 0.00042 0.00460 0.00570
0.00058 0.00004 0.00050 0.00060
0.00002 0.00004 0.00000 0.00010
0.00322 0.00004 0.00320 0.00330
