# avg	std	min	max
0.40746 0.00581 0.39780 0.41520
0.45888 0.00505 0.45340 0.46780
0.74928 0.05499 0.71120 0.85400
0.55112 0.00656 0.54000 0.55950
0.64320 0.00472 0.63510 0.64960
0.59086 0.40512 0.20810 1.36360
0.49960 0.01887 0.48600 0.53650
0.24684 0.03456 0.19420 0.29600
0.76982 0.01099 0.76050 0.78900
-0.00208 0.02974 -0.06020 0.02160
0.17572 0.01138 0.15920 0.18870
0.64488 0.01030 0.63020 0.65930
0.51654 0.03463 0.47320 0.57180
-0.07716 0.00695 -0.08960 -0.06920
0.66364 0.04622 0.60100 0.72960
0.83770 0.02146 0.81670 0.87550
0.65628 0.01190 0.64000 0.67200
0.10482 0.16016 -0.18420 0.24340
0.50686 0.40712 -0.22420 0.86150
-0.10392 0.03250 -0.14220 -0.04430
