# avg	std	min	max
0.00000 0.00000 0.00000 0.00000
0.00000 0.00000 0.00000 0.00000
0.00000 0.00000 0.00000 0.00000
0.00000 0.00000 0.00000 0.00000
0.00000 0.00000 0.00000 0.00000
0.00000 0.00000 0.00000 0.00000
0.00000 0.00000 0.00000 0.00000
0.00000 0.00000 0.00000 0.00000
-0.00530 0.00000 -0.00530 -0.00530
0.00000 0.00000 0.00000 0.00000
0.00000 0.00000 0.00000 0.00000
0.00000 0.00000 0.00000 0.00000
0.00000 0.00000 0.00000 0.00000
0.00000 0.00000 0.00000 0.00000
0.00132 0.00264 0.00000 0.00660
0.00410 0.00080 0.00370 0.00570
0.00454 0.00052 0.00350 0.00480
-0.00102 0.00084 -0.00270 -0.00050
-0.00372 0.00024 -0.00400 -0.00330
-0.00094 0.00188 -0.00470 0.00000
