# avg	std	min	max
0.01000 0.00000 0.01000 0.01000
0.00000 0.00000 0.00000 0.00000
0.00282 0.00004 0.00280 0.00290
0.00000 0.00000 0.00000 0.00000
0.00248 0.00069 0.00110 0.00290
-0.00060 0.00000 -0.00060 -0.00060
-0.00048 0.00024 -0.00060 0.00000
-0.00058 0.00004 -0.00060 -0.00050
0.02770 0.00050 0.02740 0.02870
0.00000 0.00000 0.00000 0.00000
0.00110 0.00000 0.00110 0.00110
0.00132 0.00108 0.00000 0.00220
-0.00060 0.00006 -0.00070 -0.00050
0.00000 0.00000 0.00000 0.00000
-0.00048 0.00024 -0.00060 0.00000
0.01270 0.00196 0.01160 0.01660
0.01810 0.00190 0.01670 0.02170
-0.00686 0.00015 -0.00710 -0.00670
-0.01830 0.00241 -0.02120 -0.01440
-0.00012 0.00024 -0.00060 0.00000
