# avg	std	min	max
-0.00500 0.00000 -0.00500 -0.00500
-0.00520 0.00000 -0.00520 -0.00520
0.00000 0.00000 0.00000 0.00000
-0.00510 0.00000 -0.00510 -0.00510
-0.00508 0.00004 -0.00510 -0.00500
-0.00106 0.00212 -0.00530 0.00000
-0.00510 0.00000 -0.00510 -0.00510
-0.00404 0.00212 -0.00510 0.00020
-0.00500 0.00000 -0.00500 -0.00500
-0.00510 0.00000 -0.00510 -0.00510
-0.00532 0.00004 -0.00540 -0.00530
-0.00510 0.00000 -0.00510 -0.00510
-0.00510 0.00000 -0.00510 -0.00510
-0.00510 0.00000 -0.00510 -0.00510
-0.00510 0.00000 -0.00510 -0.00510
0.03332 0.01116 0.01960 0.04260
0.00436 0.00312 0.00020 0.00990
-0.00510 0.00000 -0.00510 -0.00510
0.00398 0.00133 0.00300 0.00650
-0.00240 0.00000 -0.00240 -0.00240
