# avg	std	min	max
-0.00010 0.00006 -0.00020 0.00000
-0.00002 0.00007 -0.00010 0.00010
-0.00008 0.00007 -0.00020 0.00000
-0.00004 0.00005 -0.00010 0.00000
-0.00010 0.00009 -0.00020 0.00000
-0.00008 0.00007 -0.00020 0.00000
0.00000 0.00000 0.00000 0.00000
0.00000 0.00000 0.00000 0.00000
-0.02436 0.00085 -0.02600 -0.02370
-0.00204 0.00008 -0.00220 -0.00200
-0.00162 0.00004 -0.00170 -0.00160
-0.00008 0.00007 -0.00020 0.00000
-0.00010 0.00009 -0.00020 0.00000
-0.00002 0.00007 -0.00010 0.00010
0.00000 0.00013 -0.00020 0.00020
-0.01970 0.04546 -0.10570 0.02560
-0.03666 0.04444 -0.10430 0.00120
0.00022 0.00085 -0.00050 0.00190
-0.06176 0.04697 -0.13100 0.00060
-0.00006 0.00008 -0.00020 0.00000
