# avg	std	min	max
-0.00036 0.00109 -0.00210 0.00060
-0.00056 0.00146 -0.00310 0.00100
0.00030 0.00072 -0.00080 0.00100
0.00066 0.00034 0.00030 0.00120
0.00030 0.00033 0.00000 0.00090
0.08276 0.16432 0.00020 0.41140
0.00046 0.00156 -0.00250 0.00210
0.00692 0.00853 -0.00080 0.02240
-0.00028 0.00144 -0.00310 0.00090
-0.00054 0.00204 -0.00460 0.00080
-0.01394 0.02844 -0.07080 0.00100
-0.00012 0.00144 -0.00270 0.00100
0.00000 0.00000 0.00000 0.00000
-0.00070 0.00129 -0.00320 0.00040
0.00074 0.00031 0.00040 0.00130
0.13298 0.17155 -0.01310 0.34860
0.07504 0.14150 -0.00030 0.35800
-0.14112 0.17377 -0.35670 0.00590
-0.07962 0.17013 -0.41920 0.02550
-0.00014 0.00154 -0.00260 0.00160
