# avg	std	min	max
0.26342 0.16639 -0.05910 0.37410
0.23026 0.02232 0.20230 0.25770
0.17296 0.00547 0.16430 0.18130
0.13068 0.00416 0.12810 0.13890
0.18944 0.09898 0.09900 0.37640
-0.09372 0.00565 -0.09940 -0.08310
0.02388 0.02394 -0.00390 0.05570
-0.09884 0.05012 -0.13720 -0.00100
0.27580 0.00980 0.26210 0.28720
0.21832 0.02607 0.17610 0.25540
0.25572 0.12475 0.18950 0.50500
0.21368 0.02221 0.16940 0.22710
0.00190 0.00651 -0.00580 0.01040
0.12528 0.00138 0.12340 0.12720
0.11344 0.05701 0.05040 0.19270
0.22842 0.01437 0.21030 0.24250
0.03566 0.10079 -0.08410 0.16000
0.02746 0.16647 -0.14170 0.24800
-0.25752 0.14716 -0.38890 0.03010
0.01962 0.02171 -0.01630 0.04650
