# avg	std	min	max
2.21510 0.09055 2.03960 2.29790
2.23464 0.05627 2.14760 2.29020
2.20786 0.04055 2.16200 2.26000
2.21152 0.01693 2.19490 2.23930
2.11180 0.06255 2.02670 2.18350
1.89152 0.08799 1.78720 2.02270
1.82834 0.04695 1.73670 1.86390
2.13374 0.12689 1.98600 2.33440
2.20536 0.10215 2.05510 2.31300
2.16606 0.08616 2.02440 2.28120
2.09190 0.07975 1.99230 2.23280
2.11394 0.04411 2.06980 2.19670
0.00122 0.00574 -0.00410 0.00970
2.22220 0.06520 2.11250 2.29160
2.14652 0.04251 2.07820 2.21170
2.26526 0.05497 2.19840 2.34220
2.34522 0.03012 2.30160 2.37550
1.95200 0.08437 1.82820 2.08020
1.82594 0.10218 1.67540 1.94090
1.62784 0.04014 1.57220 1.67770
