# avg	std	min	max
0.00000 0.00000 0.00000 0.00000
0.00000 0.00000 0.00000 0.00000
0.01155 0.00039 0.01108 0.01197
0.00000 0.00000 0.00000 0.00000
0.02455 0.00641 0.01176 0.02814
0.00000 0.00000 0.00000 0.00000
-0.00560 0.00280 -0.00702 0.00000
-0.00726 0.00363 -0.00922 0.00000
0.02189 0.00026 0.02171 0.02241
0.02130 0.00005 0.02124 0.02137
-0.00019 0.00039 -0.00097 0.00000
0.00000 0.00000 0.00000 0.00000
-0.00726 0.00008 -0.00732 -0.00711
0.01013 0.00507 0.00000 0.01288
0.00000 0.00000 0.00000 0.00000
0.03035 0.00008 0.03026 0.03048
0.00230 0.00006 0.00226 0.00241
0.00000 0.00000 0.00000 0.00000
-0.00216 0.00003 -0.00219 -0.00212
0.00000 0.00000 0.00000 0.00000
