# avg	std	min	max
-0.05894 0.00015 -0.05914 -0.05879
-0.03918 0.00022 -0.03940 -0.03885
-0.02765 0.00026 -0.02792 -0.02717
0.09530 0.02017 0.07311 0.12736
0.03867 0.00025 0.03844 0.03913
0.14271 0.03365 0.11058 0.18471
0.34917 0.31078 -0.04035 0.67699
0.92213 0.61255 0.13535 1.52969
0.00622 0.00014 0.00603 0.00638
-0.04495 0.00016 -0.04517 -0.04471
0.00326 0.00048 0.00268 0.00402
-0.00004 0.00027 -0.00045 0.00040
1.38576 0.94874 -0.47996 2.18107
0.16079 0.00642 0.14815 0.16514
0.22626 0.02606 0.17509 0.24836
0.24537 0.00053 0.24482 0.24604
0.46720 0.03499 0.43519 0.51185
-1.12795 0.36890 -1.84787 -0.79494
-0.05719 0.39879 -0.75172 0.38878
0.28204 0.60951 -0.47036 1.09021
