# avg	std	min	max
0.00000 0.00000 0.00000 0.00000
0.00000 0.00000 0.00000 0.00000
0.00006 0.00013 0.00000 0.00031
0.00618 0.02375 -0.00974 0.05312
0.00000 0.00030 -0.00057 0.00024
0.01052 0.02571 -0.02483 0.04385
0.00944 0.02189 -0.00311 0.05317
-0.06582 0.21332 -0.47619 0.14465
0.00000 0.00000 0.00000 0.00000
0.00000 0.00000 0.00000 0.00000
0.00000 0.00000 0.00000 0.00000
0.00000 0.00000 0.00000 0.00000
0.01881 0.00337 0.01538 0.02425
-0.01008 0.01143 -0.02432 0.00000
-0.00495 0.00975 -0.02442 0.00074
-0.01053 0.00785 -0.02524 -0.00239
-0.00305 0.00415 -0.01126 0.00008
0.01460 0.01286 0.00182 0.03209
-0.08110 0.17472 -0.42351 0.04318
0.00001 0.00001 0.00000 0.00003
