# avg	std	min	max
0.04101 0.05907 -0.02491 0.13363
0.05519 0.06703 -0.02620 0.12250
0.05988 0.02501 0.01183 0.08515
0.09464 0.06101 0.02132 0.15689
0.07134 0.05921 0.01636 0.16933
0.08932 0.06316 0.02379 0.19227
0.05470 0.10713 -0.03804 0.26347
0.06992 0.04345 0.02565 0.12850
0.15976 0.03027 0.11292 0.19506
-0.01981 0.01285 -0.02731 0.00586
0.06316 0.06929 -0.01918 0.13610
0.07995 0.05921 -0.01991 0.15473
0.00138 0.05378 -0.03232 0.10861
0.05059 0.04826 0.00522 0.11886
0.03470 0.05537 -0.03182 0.13435
-0.00001 0.00003 -0.00006 0.00002
0.02259 0.00238 0.02121 0.02734
0.04725 0.04415 0.00942 0.12797
0.14894 0.06907 0.01653 0.21890
0.03562 0.02138 0.02455 0.07838
