# avg	std	min	max
0.00216 0.00000 0.00215 0.00216
0.00216 0.00000 0.00215 0.00216
0.00215 0.00000 0.00215 0.00216
0.00215 0.00000 0.00215 0.00216
0.00215 0.00000 0.00215 0.00216
0.00215 0.00001 0.00213 0.00217
0.00215 0.00000 0.00215 0.00216
0.00216 0.00000 0.00215 0.00216
0.00216 0.00000 0.00215 0.00216
0.00215 0.00000 0.00215 0.00216
0.00216 0.00000 0.00215 0.00216
0.00216 0.00000 0.00215 0.00216
0.00215 0.00000 0.00215 0.00216
0.00216 0.00000 0.00215 0.00216
0.00225 0.00019 0.00215 0.00263
0.00137 0.00040 0.00116 0.00216
-0.00000 0.00000 -0.00001 0.00000
0.00216 0.00000 0.00215 0.00216
0.00215 0.00000 0.00215 0.00216
0.00215 0.00000 0.00215 0.00216
