# avg	std	min	max
0.00103 0.01313 -0.01800 0.02213
-0.01514 0.03027 -0.07568 0.00000
0.00000 0.00000 0.00000 0.00000
-0.00024 0.00048 -0.00120 0.00000
0.00335 0.00551 0.00000 0.01419
0.00000 0.00000 0.00000 0.00000
0.00000 0.00000 0.00000 0.00000
0.00000 0.00000 0.00000 0.00000
0.00000 0.00000 0.00000 0.00000
-0.01514 0.03027 -0.07568 0.00000
0.00000 0.00000 0.00000 0.00000
0.00000 0.00000 0.00000 0.00000
0.00000 0.00000 0.00000 0.00000
0.00000 0.00000 0.00000 0.00000
0.00000 0.00000 0.00000 0.00000
-0.00048 0.00000 -0.00048 -0.00048
-0.00071 0.00024 -0.00101 -0.00050
0.00276 0.00551 0.00000 0.01378
0.00024 0.00048 0.00000 0.00119
0.00000 0.00000 0.00000 0.00000
