# avg	std	min	max
0.00186 0.00061 0.00153 0.00308
0.00132 0.00073 -0.00009 0.00204
0.00168 0.00018 0.00157 0.00204
0.00166 0.00022 0.00153 0.00209
0.00157 0.00002 0.00155 0.00161
-0.00051 0.00000 -0.00051 -0.00051
0.00043 0.00090 -0.00046 0.00153
0.00158 0.00001 0.00157 0.00160
0.00157 0.00001 0.00155 0.00159
0.00187 0.00061 0.00154 0.00308
0.00073 0.00094 -0.00025 0.00206
0.00123 0.00070 -0.00017 0.00161
0.00114 0.00083 -0.00051 0.00161
0.00179 0.00025 0.00157 0.00210
-0.00051 0.00002 -0.00051 -0.00047
-0.00201 0.00020 -0.00216 -0.00161
-0.00167 0.00107 -0.00225 0.00046
0.00021 0.00025 0.00000 0.00051
0.00022 0.00017 -0.00013 0.00034
-0.00024 0.00027 -0.00051 0.00019
