# avg	std	min	max
0.00000 0.00000 0.00000 0.00000
0.00000 0.00000 0.00000 0.00000
0.00000 0.00000 0.00000 0.00000
0.00000 0.00000 0.00000 0.00000
0.00000 0.00000 0.00000 0.00000
0.00000 0.00000 0.00000 0.00000
0.00002 0.00038 -0.00057 0.00064
-0.00010 0.00020 -0.00049 0.00000
-0.00214 0.00004 -0.00219 -0.00209
0.00000 0.00000 0.00000 0.00000
0.00000 0.00000 0.00000 0.00000
0.00000 0.00000 0.00000 0.00000
0.00000 0.00000 0.00000 0.00000
0.00000 0.00000 0.00000 0.00000
0.00000 0.00000 0.00000 0.00000
0.00001 0.00002 0.00000 0.00005
-0.00094 0.00092 -0.00279 -0.00047
0.00091 0.00044 0.00057 0.00168
0.00176 0.00030 0.00126 0.00208
0.00000 0.00000 0.00000 0.00000
