# avg	std	min	max
0.00000 0.00000 0.00000 0.00000
0.00000 0.00000 0.00000 0.00000
0.00000 0.00000 0.00000 0.00000
0.00000 0.00000 0.00000 0.00000
0.00000 0.00000 0.00000 0.00000
0.00000 0.00000 0.00000 0.00000
0.00000 0.00000 0.00000 0.00000
0.00000 0.00000 0.00000 0.00000
0.00000 0.00000 0.00000 0.00000
0.00001 0.00002 0.00000 0.00005
-0.00089 0.00109 -0.00222 0.00000
-0.00000 0.00000 -0.00001 0.00000
0.00046 0.00091 0.00000 0.00229
-0.00001 0.00002 -0.00006 0.00000
-0.00044 0.00088 -0.00221 0.00000
0.00001 0.00002 0.00000 0.00004
0.00000 0.00000 0.00000 0.00000
0.00000 0.00000 0.00000 0.00000
0.00035 0.00069 0.00000 0.00174
0.00000 0.00000 0.00000 0.00000
