# avg	std	min	max
-0.08068 0.00059 -0.08097 -0.07950
-0.04258 0.00000 -0.04258 -0.04258
0.02597 0.00202 0.02374 0.02886
0.00746 0.00113 0.00662 0.00965
0.11433 0.00229 0.11177 0.11775
0.00868 0.03859 -0.01403 0.08511
-0.18378 0.20729 -0.59835 -0.08014
-0.48616 0.02893 -0.54162 -0.45726
-0.07941 0.00000 -0.07941 -0.07941
0.04336 0.01513 0.01688 0.05880
0.14657 0.00867 0.14103 0.16374
-0.06689 0.00000 -0.06689 -0.06689
-0.13322 0.03422 -0.16653 -0.08054
0.13340 0.13831 -0.14224 0.21676
-0.41222 0.01212 -0.42186 -0.38897
-0.08010 0.00131 -0.08273 -0.07944
-0.09208 0.00062 -0.09298 -0.09127
0.22934 0.11436 0.02569 0.35118
-0.15481 0.14468 -0.25626 0.13252
-0.14170 0.03640 -0.18374 -0.08901
