# avg	std	min	max
-0.00907 0.02131 -0.02538 0.03135
-0.04266 0.02040 -0.08333 -0.03121
-0.03672 0.01351 -0.04409 -0.00971
0.05556 0.01446 0.02745 0.06764
-0.02817 0.02083 -0.04741 -0.00270
-0.01174 0.02859 -0.06044 0.01468
0.16390 0.03960 0.12382 0.22046
0.28292 0.03992 0.22167 0.34495
-0.04458 0.02006 -0.07948 -0.02693
-0.02778 0.02002 -0.05683 0.00417
-0.02104 0.01925 -0.04448 -0.00283
-0.01548 0.02696 -0.05489 0.01035
0.38954 0.06574 0.29202 0.45440
-0.00768 0.01667 -0.04102 0.00118
-0.03659 0.00612 -0.04794 -0.02993
-0.00237 0.02713 -0.04415 0.04138
-0.02957 0.01524 -0.04007 0.00075
0.01959 0.02105 0.00556 0.06136
0.01638 0.02552 -0.02431 0.05099
0.21375 0.02643 0.18088 0.25428
