# avg	std	min	max
0.00089 0.00313 -0.00297 0.00370
0.00002 0.00026 -0.00036 0.00046
0.00012 0.00024 0.00000 0.00059
-0.00062 0.00025 -0.00089 -0.00016
0.00117 0.00264 -0.00097 0.00638
-0.00042 0.00032 -0.00093 -0.00007
0.00133 0.00289 -0.00333 0.00364
0.00229 0.00336 -0.00091 0.00642
0.00129 0.00257 0.00000 0.00643
0.00058 0.00316 -0.00356 0.00345
-0.00011 0.00022 -0.00044 0.00024
-0.00018 0.00029 -0.00075 0.00000
0.00357 0.00365 -0.00340 0.00675
0.00000 0.00000 0.00000 0.00000
0.00080 0.00261 -0.00074 0.00599
-0.00320 0.00002 -0.00322 -0.00316
-0.00453 0.00036 -0.00514 -0.00409
0.00428 0.00337 -0.00197 0.00776
0.00669 0.00367 -0.00006 0.01117
0.00084 0.00271 -0.00062 0.00625
