# avg	std	min	max
0.00003 0.00003 0.00000 0.00006
0.00000 0.00000 0.00000 0.00000
0.00011 0.00022 0.00000 0.00055
-0.00000 0.00000 -0.00000 0.00000
0.00011 0.00022 0.00000 0.00055
-0.00338 0.00008 -0.00354 -0.00333
-0.00012 0.00019 -0.00051 0.00000
-0.00138 0.00171 -0.00369 0.00002
0.00000 0.00000 0.00000 0.00000
-0.00007 0.00020 -0.00046 0.00006
0.00012 0.00022 -0.00001 0.00055
0.00000 0.00000 0.00000 0.00000
0.00005 0.00017 -0.00012 0.00027
-0.00000 0.00002 -0.00004 0.00003
0.00000 0.00000 0.00000 0.00000
-0.00832 0.00010 -0.00844 -0.00819
-0.00978 0.00018 -0.01007 -0.00958
0.00392 0.00003 0.00387 0.00396
0.00843 0.00046 0.00762 0.00901
-0.00009 0.00020 -0.00048 0.00003
