# avg	std	min	max
-0.20462 0.00040 -0.20528 -0.20425
-0.21549 0.00120 -0.21636 -0.21312
-0.21797 0.00075 -0.21876 -0.21697
-0.21488 0.00768 -0.21985 -0.19959
-0.19303 0.00168 -0.19509 -0.19024
-0.21862 0.00015 -0.21877 -0.21838
-0.20134 0.00523 -0.20742 -0.19180
-0.12730 0.05162 -0.21824 -0.06253
-0.21715 0.00180 -0.21908 -0.21475
-0.20404 0.00068 -0.20514 -0.20330
-0.21453 0.00662 -0.21901 -0.20138
-0.19925 0.02055 -0.23720 -0.18366
-0.21075 0.01337 -0.23745 -0.20302
-0.21500 0.00055 -0.21594 -0.21432
-0.16534 0.00740 -0.17173 -0.15567
-0.18557 0.03779 -0.21535 -0.12411
-0.19490 0.01667 -0.21536 -0.17074
-1.42894 0.05103 -1.48554 -1.36004
0.00176 0.00000 0.00176 0.00176
-0.21503 0.00011 -0.21520 -0.21490
