# avg	std	min	max
0.00000 0.00000 0.00000 0.00000
0.00000 0.00000 0.00000 0.00000
0.00000 0.00000 0.00000 0.00000
0.00000 0.00000 0.00000 0.00000
0.00000 0.00000 0.00000 0.00000
-0.01142 0.00745 -0.02353 0.00000
0.05684 0.01377 0.03655 0.06823
0.15292 0.03507 0.10402 0.20613
-0.01119 0.00000 -0.01119 -0.01119
0.00000 0.00000 0.00000 0.00000
0.00000 0.00000 0.00000 0.00000
0.00000 0.00000 0.00000 0.00000
0.06717 0.01448 0.04948 0.08151
-0.00718 0.00360 -0.00923 0.00000
-0.00224 0.00447 -0.01119 0.00000
0.00773 0.00009 0.00764 0.00788
0.00603 0.00028 0.00550 0.00628
-0.00942 0.00198 -0.01189 -0.00585
-0.01189 0.00000 -0.01189 -0.01189
-0.01119 0.00000 -0.01119 -0.01119
