# avg	std	min	max
-0.00001 0.00002 -0.00004 0.00000
0.00000 0.00000 0.00000 0.00000
0.00000 0.00000 0.00000 0.00000
-0.00001 0.00001 -0.00003 0.00000
0.00001 0.00002 0.00000 0.00005
0.00000 0.00000 0.00000 0.00000
-0.00091 0.00110 -0.00232 0.00005
-0.00404 0.00403 -0.01179 0.00000
0.00000 0.00000 0.00000 0.00000
0.00000 0.00000 0.00000 0.00000
0.00000 0.00000 0.00000 0.00000
0.00000 0.00000 0.00000 0.00000
0.00000 0.00000 0.00000 0.00000
0.00000 0.00000 0.00000 0.00000
-0.00044 0.00087 -0.00218 0.00000
0.00631 0.00112 0.00494 0.00723
-0.00392 0.00166 -0.00612 -0.00199
-0.00564 0.00042 -0.00622 -0.00493
-0.00768 0.00027 -0.00808 -0.00733
0.00000 0.00000 0.00000 0.00000
