# avg	std	min	max
0.00000 0.00000 0.00000 0.00000
0.00000 0.00000 0.00000 0.00000
0.00000 0.00000 0.00000 0.00000
0.00000 0.00000 0.00000 0.00000
0.00000 0.00000 0.00000 0.00000
0.02314 0.01157 0.00000 0.02892
0.02050 0.00008 0.02043 0.02061
0.00368 0.00735 0.00000 0.01838
0.02443 0.01995 0.00000 0.04072
0.00000 0.00000 0.00000 0.00000
0.00000 0.00000 0.00000 0.00000
0.00000 0.00000 0.00000 0.00000
0.00139 0.00285 -0.00041 0.00706
0.00000 0.00000 0.00000 0.00000
0.00000 0.00000 0.00000 0.00000
0.00609 0.00025 0.00560 0.00626
0.00896 0.00083 0.00730 0.00942
0.01926 0.00095 0.01807 0.02093
-0.00443 0.00077 -0.00486 -0.00290
0.00000 0.00000 0.00000 0.00000
