# avg	std	min	max
0.00030 0.00000 0.00030 0.00030
0.00000 0.00000 0.00000 0.00000
0.00000 0.00000 0.00000 0.00000
0.00000 0.00000 0.00000 0.00000
0.00000 0.00000 0.00000 0.00000
0.00000 0.00000 0.00000 0.00000
0.03844 0.02517 0.00000 0.05950
0.09800 0.01354 0.07270 0.10770
-0.00020 0.00000 -0.00020 -0.00020
0.00260 0.00520 0.00000 0.01300
0.00000 0.00000 0.00000 0.00000
0.00000 0.00000 0.00000 0.00000
-0.01614 0.06599 -0.13990 0.05920
0.01544 0.00772 0.00000 0.01950
0.00000 0.00000 0.00000 0.00000
-0.00306 0.00049 -0.00370 -0.00260
-0.06668 0.00342 -0.06960 -0.06230
-0.04682 0.11403 -0.27300 0.02630
0.04120 0.00460 0.03480 0.04920
0.00660 0.00539 0.00000 0.01120
