# avg	std	min	max
-0.01052 0.00872 -0.01800 0.00030
-0.00936 0.00797 -0.01410 0.00640
0.00140 0.00788 -0.01420 0.00730
0.00224 0.00299 -0.00370 0.00400
0.00842 0.00329 0.00410 0.01410
0.00404 0.00033 0.00350 0.00450
0.00562 0.00211 0.00350 0.00870
-0.14532 0.18635 -0.37360 0.00740
0.00150 0.00028 0.00120 0.00200
-0.01106 0.00689 -0.01490 0.00270
0.00366 0.00056 0.00300 0.00430
0.00000 0.00000 0.00000 0.00000
0.00904 0.00019 0.00870 0.00920
0.00402 0.00026 0.00370 0.00440
0.00402 0.00023 0.00360 0.00430
0.08512 0.00044 0.08450 0.08560
-0.03292 0.00202 -0.03630 -0.03110
0.01316 0.00552 0.00450 0.02140
0.02460 0.00826 0.01750 0.04080
0.02634 0.04463 -0.00040 0.11540
