# avg	std	min	max
0.01316 0.00008 0.01310 0.01330
0.01066 0.00012 0.01060 0.01090
0.00808 0.00007 0.00800 0.00820
0.00784 0.00178 0.00560 0.00990
0.00772 0.00017 0.00750 0.00800
0.00418 0.00047 0.00330 0.00460
0.00424 0.00101 0.00340 0.00610
0.00534 0.00010 0.00520 0.00550
0.00980 0.00009 0.00970 0.00990
0.01084 0.00008 0.01070 0.01090
0.00800 0.00011 0.00780 0.00810
0.00896 0.00062 0.00860 0.01020
0.00450 0.00149 0.00300 0.00690
0.00504 0.00452 -0.00400 0.00740
0.00550 0.00006 0.00540 0.00560
0.00000 0.00000 0.00000 0.00000
0.00506 0.00143 0.00380 0.00700
0.00714 0.00150 0.00610 0.01010
0.00712 0.00024 0.00700 0.00760
0.00398 0.00027 0.00370 0.00440
