# avg	std	min	max
0.00000 0.00000 0.00000 0.00000
-0.01364 0.02293 -0.05950 -0.00210
0.03634 0.02924 0.01220 0.07300
-0.00272 0.00061 -0.00310 -0.00150
0.03750 0.05087 -0.02270 0.12140
-0.00188 0.02936 -0.03030 0.05410
-0.09920 0.14127 -0.38170 -0.02410
-0.00772 0.03379 -0.02570 0.05980
0.04366 0.01303 0.02650 0.05760
0.01122 0.00021 0.01080 0.01140
-0.00504 0.02258 -0.05020 0.00640
-0.00546 0.00010 -0.00560 -0.00530
-0.01720 0.01177 -0.03130 -0.00320
-0.00804 0.00048 -0.00900 -0.00770
-0.01112 0.00564 -0.02240 -0.00810
-0.01858 0.14997 -0.31590 0.07530
-0.01076 0.04055 -0.08990 0.02450
-0.04374 0.02708 -0.08700 -0.01340
-0.01738 0.01154 -0.03570 0.00020
-0.02966 0.00477 -0.03800 -0.02400
