# avg	std	min	max
0.00000 0.00000 0.00000 0.00000
-0.02914 0.00154 -0.03100 -0.02730
-0.20274 0.07741 -0.31040 -0.08790
-0.03260 0.08758 -0.10450 0.10000
-0.42768 0.04144 -0.47680 -0.37120
-0.41174 0.05653 -0.46480 -0.30560
-0.03268 0.00201 -0.03670 -0.03150
-0.88596 0.21733 -1.11750 -0.57330
-0.07654 0.08651 -0.24430 0.00140
-0.03418 0.00239 -0.03730 -0.03210
-0.21000 0.09483 -0.33830 -0.04540
-0.03792 0.00314 -0.04210 -0.03240
-0.03128 0.00329 -0.03640 -0.02600
-0.04416 0.00022 -0.04460 -0.04400
-0.05498 0.01593 -0.07150 -0.03280
0.13306 0.01053 0.11540 0.14860
-0.01214 0.03201 -0.03830 0.05070
-0.14838 0.09062 -0.23330 -0.01040
-0.06582 0.03261 -0.11830 -0.03380
0.00928 0.02383 -0.03810 0.02600
