# avg	std	min	max
0.00000 0.00000 0.00000 0.00000
-0.15850 0.00000 -0.15850 -0.15850
-0.67936 0.00877 -0.69130 -0.67150
-0.66952 0.00042 -0.66980 -0.66870
-0.44474 0.00471 -0.45040 -0.43640
-0.53800 0.10746 -0.71780 -0.44280
1.02922 0.09273 0.88910 1.11530
2.63890 0.95972 1.05660 3.80040
-0.38154 0.01976 -0.40490 -0.36040
0.12382 0.00004 0.12380 0.12390
-0.25652 0.00007 -0.25660 -0.25640
-0.31912 0.12071 -0.37980 -0.07770
1.44316 0.83579 0.40700 2.15980
-1.12742 0.00032 -1.12780 -1.12690
-0.88648 0.00297 -0.89100 -0.88320
1.09952 0.01557 1.08360 1.12580
-0.18124 0.05773 -0.25940 -0.10190
-0.20896 0.09284 -0.27620 -0.02470
-0.24440 0.72272 -0.98760 0.69870
-0.23050 0.05616 -0.30640 -0.14110
