# avg	std	min	max
0.00000 0.00000 0.00000 0.00000
0.22830 0.21980 0.05750 0.66320
0.43720 0.18926 0.05990 0.55350
0.31966 0.53285 -0.46770 1.17770
0.71262 0.48701 0.01140 1.19030
-0.09170 0.41936 -0.91560 0.17650
0.19524 0.37279 -0.35350 0.82010
0.27330 0.24606 -0.09640 0.63240
0.32166 0.16619 0.22850 0.65380
0.32264 0.23174 0.20180 0.78610
0.84430 0.22565 0.42860 1.08890
0.18058 0.08949 0.00210 0.23480
0.16170 0.28746 -0.27930 0.62850
0.46758 0.21261 0.04780 0.63160
0.11418 0.04969 0.02140 0.16250
-0.13774 0.01343 -0.15850 -0.11820
-0.00586 0.02285 -0.04520 0.01450
0.21952 0.14800 0.06810 0.48670
0.55320 0.26345 0.33810 1.01330
0.36018 0.55411 -0.30130 1.22910
