# avg	std	min	max
0.48514 0.18784 0.27320 0.83370
0.11844 0.06560 0.00650 0.19700
-0.40714 0.26621 -0.70340 -0.07650
-0.65200 0.11845 -0.84510 -0.48770
-0.14412 0.24552 -0.52980 0.21650
-0.85908 0.05306 -0.92890 -0.77920
-1.20868 0.02823 -1.25360 -1.16450
-1.10136 0.25642 -1.51970 -0.81950
-0.07396 0.26127 -0.22970 0.44760
0.03334 0.21613 -0.16320 0.42330
-0.53532 0.01996 -0.55830 -0.50520
-0.24190 0.23413 -0.39360 0.22310
-0.77838 0.02073 -0.81280 -0.74760
0.02984 0.20428 -0.27690 0.33000
0.19302 0.06221 0.13540 0.30450
0.55114 0.33630 -0.02760 0.95700
0.80542 0.30753 0.49150 1.36820
-0.00976 0.27076 -0.25600 0.44920
0.06988 0.72193 -0.69340 1.24280
-0.02996 0.04943 -0.07580 0.04730
