# avg	std	min	max
0.08258 0.04172 0.00000 0.10890
0.00074 0.00148 0.00000 0.00370
0.00000 0.00000 0.00000 0.00000
0.00000 0.00000 0.00000 0.00000
0.00000 0.00000 0.00000 0.00000
0.00000 0.00000 0.00000 0.00000
0.00000 0.00000 0.00000 0.00000
-0.00612 0.01224 -0.03060 0.00000
0.13618 0.05364 0.10380 0.24270
0.00352 0.00841 -0.00370 0.02000
0.00000 0.00000 0.00000 0.00000
0.00000 0.00000 0.00000 0.00000
0.00000 0.00000 0.00000 0.00000
0.04374 0.05371 0.00000 0.11540
0.00000 0.00000 0.00000 0.00000
0.07428 0.04176 -0.00880 0.09940
-0.00434 0.00727 -0.01260 0.00740
0.00692 0.00203 0.00340 0.00880
0.00986 0.01273 -0.01370 0.02140
0.00000 0.00000 0.00000 0.00000
