# avg	std	min	max
0.07008 0.14016 0.00000 0.35040
-0.00662 0.00871 -0.02160 0.00000
0.00000 0.00000 0.00000 0.00000
0.00006 0.00012 0.00000 0.00030
0.00000 0.00000 0.00000 0.00000
-0.00376 0.00775 -0.01740 0.00600
0.00476 0.03840 -0.06320 0.05420
0.11858 0.02470 0.08760 0.15870
0.35048 0.00010 0.35030 0.35060
0.00000 0.00000 0.00000 0.00000
0.00000 0.00000 0.00000 0.00000
-0.00306 0.00895 -0.01970 0.00720
0.05102 0.02252 0.01870 0.08840
0.14012 0.17161 0.00000 0.35030
-0.00768 0.00004 -0.00770 -0.00760
0.34960 0.00000 0.34960 0.34960
-0.00060 0.00006 -0.00070 -0.00050
-0.01330 0.01185 -0.03700 -0.00730
-0.00874 0.01269 -0.03300 0.00190
-0.00658 0.00600 -0.01420 0.00430
