# avg	std	min	max
0.00000 0.00000 0.00000 0.00000
0.00000 0.00000 0.00000 0.00000
-0.02336 0.00005 -0.02340 -0.02330
-0.07272 0.02831 -0.09490 -0.02590
-0.03164 0.02324 -0.05010 0.01250
-0.17622 0.01600 -0.19250 -0.14710
-0.04606 0.08817 -0.22240 -0.00180
-0.15430 0.07809 -0.21270 -0.00130
-0.05392 0.00048 -0.05460 -0.05350
0.00000 0.00000 0.00000 0.00000
-0.01396 0.00005 -0.01400 -0.01390
-0.02310 0.01466 -0.03470 0.00000
0.00000 0.00000 0.00000 0.00000
0.00000 0.00000 0.00000 0.00000
-0.06596 0.06068 -0.14280 -0.01640
-0.01752 0.00004 -0.01760 -0.01750
-0.03126 0.05255 -0.13630 -0.00190
0.00000 0.00000 0.00000 0.00000
-0.00648 0.00579 -0.01190 0.00110
0.00000 0.00000 0.00000 0.00000
