# avg	std	min	max
0.02690 0.00000 0.02690 0.02690
-0.02494 0.00315 -0.03050 -0.02070
-0.00508 0.00394 -0.00820 0.00270
0.02296 0.00630 0.01740 0.03530
-0.01782 0.00631 -0.02120 -0.00520
0.02004 0.00299 0.01460 0.02380
0.06896 0.05031 0.00990 0.12310
0.15858 0.08281 0.08770 0.31730
0.11552 0.00417 0.11180 0.12360
-0.04610 0.00200 -0.05010 -0.04500
0.01534 0.00226 0.01130 0.01830
0.01436 0.00100 0.01240 0.01520
0.09990 0.04597 0.05170 0.17850
0.04548 0.02353 0.02640 0.09180
0.02058 0.00076 0.01970 0.02200
0.03484 0.02428 0.00190 0.06900
0.04412 0.01437 0.02370 0.05840
-0.00050 0.00000 -0.00050 -0.00050
-0.01506 0.00491 -0.02470 -0.01150
0.07090 0.04616 -0.00670 0.11500
