# avg	std	min	max
0.56884 0.05380 0.50850 0.66110
0.46802 0.06429 0.38690 0.57090
-0.11668 0.01207 -0.13050 -0.09490
0.00406 0.00408 -0.00410 0.00610
0.03474 0.02613 0.01950 0.08690
-0.66450 0.25630 -0.89980 -0.22990
-0.38868 0.12394 -0.52870 -0.22960
0.43406 0.04608 0.37090 0.50530
0.66014 0.20594 0.53640 1.07010
0.82952 0.25052 0.51020 1.05970
0.80584 0.21167 0.53390 0.98470
0.24554 0.12221 0.15500 0.47900
-0.15960 0.04054 -0.22770 -0.11810
0.51534 0.02903 0.46340 0.54580
0.52248 0.10658 0.38840 0.62800
0.80700 0.24457 0.47510 1.15380
0.56548 0.16954 0.31780 0.77870
0.27236 0.03752 0.20970 0.32570
0.59442 0.05519 0.49380 0.64460
0.60302 0.22035 0.40880 1.03270
