# avg	std	min	max
-0.00408 0.00616 -0.01640 -0.00100
0.00060 0.00000 0.00060 0.00060
0.00008 0.00064 -0.00070 0.00060
0.00042 0.00024 0.00000 0.00060
0.00062 0.00004 0.00060 0.00070
0.00000 0.00000 0.00000 0.00000
-0.00026 0.00052 -0.00130 0.00000
-0.00004 0.00070 -0.00060 0.00100
-0.00086 0.00066 -0.00140 0.00000
0.00000 0.00000 0.00000 0.00000
-0.00078 0.00012 -0.00090 -0.00060
0.00000 0.00000 0.00000 0.00000
0.00000 0.00000 0.00000 0.00000
-0.00002 0.00004 -0.00010 0.00000
0.00000 0.00000 0.00000 0.00000
-0.00210 0.00028 -0.00250 -0.00180
0.00060 0.00177 -0.00070 0.00410
-0.00336 0.00077 -0.00480 -0.00270
-0.02830 0.01716 -0.04370 -0.00730
0.00014 0.00020 0.00000 0.00050
