# avg	std	min	max
0.00000 0.00000 0.00000 0.00000
0.00000 0.00000 0.00000 0.00000
0.00000 0.00000 0.00000 0.00000
0.00000 0.00000 0.00000 0.00000
0.00000 0.00000 0.00000 0.00000
0.00000 0.00000 0.00000 0.00000
0.00000 0.00000 0.00000 0.00000
0.00000 0.00000 0.00000 0.00000
-0.02920 0.00000 -0.02920 -0.02920
0.00006 0.00012 0.00000 0.00030
0.00000 0.00000 0.00000 0.00000
0.00000 0.00000 0.00000 0.00000
0.01044 0.00645 0.00530 0.02150
0.00000 0.00038 -0.00060 0.00060
0.00000 0.00000 0.00000 0.00000
0.00620 0.00017 0.00600 0.00650
0.00240 0.00700 -0.01000 0.00770
-0.01446 0.00017 -0.01480 -0.01430
0.00260 0.01581 -0.02380 0.02570
0.00000 0.00000 0.00000 0.00000
