# avg	std	min	max
0.02722 0.01742 0.01650 0.06200
0.01074 0.00099 0.00880 0.01160
0.00596 0.00286 0.00330 0.00950
0.04180 0.07707 -0.00660 0.19490
0.00716 0.00294 0.00310 0.01010
0.03548 0.02574 0.01450 0.07430
-0.00870 0.00089 -0.00960 -0.00730
-0.00148 0.00385 -0.00570 0.00300
-0.03478 0.00306 -0.04080 -0.03230
0.04980 0.04642 0.01540 0.13720
0.00442 0.00004 0.00440 0.00450
0.01570 0.00000 0.01570 0.01570
-0.00932 0.00098 -0.01080 -0.00810
0.00000 0.00000 0.00000 0.00000
0.00436 0.00115 0.00290 0.00540
0.01592 0.00141 0.01470 0.01830
0.06574 0.11288 0.00190 0.29120
-0.02710 0.01450 -0.03950 -0.00930
-0.05698 0.00937 -0.06400 -0.04020
-0.00260 0.00360 -0.00440 0.00460
