# avg	std	min	max
-0.00210 0.00180 -0.00570 -0.00110
-0.00440 0.00238 -0.00610 0.00020
0.00044 0.00192 -0.00120 0.00410
0.00620 0.00142 0.00510 0.00900
-0.00060 0.00024 -0.00090 -0.00020
0.00302 0.00179 0.00140 0.00610
0.00610 0.00023 0.00570 0.00630
0.00004 0.00631 -0.00690 0.00940
-0.00012 0.00189 -0.00390 0.00090
0.00022 0.00148 -0.00270 0.00110
-0.00170 0.00091 -0.00350 -0.00100
0.00068 0.00197 -0.00180 0.00260
0.00606 0.00033 0.00550 0.00650
-0.00012 0.00007 -0.00020 0.00000
0.00188 0.00076 0.00060 0.00300
0.01876 0.00227 0.01460 0.02080
0.04666 0.00273 0.04320 0.05040
-0.01634 0.00326 -0.02040 -0.01300
-0.04660 0.00867 -0.05870 -0.03230
-0.02136 0.02604 -0.04450 0.01680
