# avg	std	min	max
-0.00042 0.00061 -0.00110 0.00070
-0.00240 0.00381 -0.01000 -0.00010
-0.00078 0.00015 -0.00100 -0.00060
-0.00068 0.00056 -0.00120 0.00030
-0.00092 0.00126 -0.00260 0.00030
0.00048 0.00026 0.00020 0.00080
-0.00266 0.00021 -0.00290 -0.00240
-0.00202 0.00200 -0.00450 0.00040
-0.00156 0.00025 -0.00180 -0.00110
-0.00064 0.00054 -0.00130 0.00010
-0.00076 0.00077 -0.00170 -0.00010
-0.00136 0.00030 -0.00180 -0.00100
-0.00210 0.00081 -0.00280 -0.00060
-0.00096 0.00055 -0.00160 -0.00010
0.00000 0.00000 0.00000 0.00000
0.06712 0.00061 0.06640 0.06820
0.05414 0.01152 0.03110 0.06050
-0.00490 0.00996 -0.01360 0.00950
0.02776 0.00936 0.01390 0.04300
-0.00226 0.00030 -0.00270 -0.00180
