# avg	std	min	max
-0.00708 0.00892 -0.01800 0.00020
-0.01416 0.00728 -0.01780 0.00040
-0.00050 0.01232 -0.02070 0.01820
-0.02158 0.00198 -0.02380 -0.01820
0.00462 0.01241 -0.01410 0.01860
0.00394 0.00708 0.00040 0.01810
-0.01492 0.00772 -0.02060 0.00040
-0.00316 0.00742 -0.01200 0.00730
-0.00584 0.01044 -0.01820 0.01210
0.01020 0.00894 -0.00080 0.01750
0.00760 0.00882 0.00040 0.01860
-0.01432 0.00736 -0.01820 0.00040
-0.00430 0.01150 -0.01820 0.00750
-0.38598 0.00007 -0.38610 -0.38590
-0.00364 0.00728 -0.01820 0.00000
-0.05202 0.01663 -0.07290 -0.02520
-0.02640 0.00917 -0.04440 -0.01850
0.02044 0.01352 -0.00340 0.03870
0.02620 0.00770 0.02000 0.04060
-0.01490 0.00315 -0.01810 -0.01090
