# avg	std	min	max
-0.00280 0.00227 -0.00730 -0.00130
0.01434 0.00905 -0.00100 0.02680
-0.00234 0.00331 -0.00890 -0.00040
-0.00216 0.00280 -0.00640 0.00060
-0.01160 0.00000 -0.01160 -0.01160
-0.00424 0.00284 -0.00780 0.00000
0.00170 0.00195 0.00070 0.00560
-0.00612 0.00449 -0.00990 0.00210
-0.05302 0.02025 -0.07960 -0.02880
0.02324 0.01207 -0.00050 0.03280
0.00262 0.00796 -0.00400 0.01830
-0.00034 0.00005 -0.00040 -0.00030
0.00786 0.00227 0.00520 0.01110
0.05852 0.05693 -0.00010 0.13050
0.00000 0.00000 0.00000 0.00000
0.20804 0.00161 0.20560 0.20990
0.24738 0.01921 0.22440 0.27850
-0.00122 0.00007 -0.00130 -0.00110
0.00746 0.00349 0.00230 0.01170
-0.70848 0.26372 -0.99480 -0.38770
