# avg	std	min	max
0.00000 0.00000 0.00000 0.00000
0.00000 0.00000 0.00000 0.00000
0.00806 0.01345 0.00000 0.03460
0.00000 0.00000 0.00000 0.00000
0.00654 0.01598 -0.01400 0.03500
0.00000 0.00000 0.00000 0.00000
0.02510 0.04707 0.00000 0.11910
0.00012 0.00024 0.00000 0.00060
0.00000 0.00000 0.00000 0.00000
0.00000 0.00000 0.00000 0.00000
-0.00580 0.01182 -0.02880 0.00420
0.00000 0.00000 0.00000 0.00000
0.00618 0.01236 0.00000 0.03090
0.00000 0.00000 0.00000 0.00000
0.00000 0.00000 0.00000 0.00000
-0.00952 0.00010 -0.00970 -0.00940
-0.08188 0.00750 -0.08810 -0.07240
0.01152 0.00631 0.00380 0.01710
-0.02374 0.00553 -0.02680 -0.01270
0.00000 0.00000 0.00000 0.00000
