# avg	std	min	max
-0.00010 0.00000 -0.00010 -0.00010
0.00002 0.00004 0.00000 0.00010
0.00004 0.00008 0.00000 0.00020
-0.00078 0.00027 -0.00100 -0.00040
-0.00042 0.00004 -0.00050 -0.00040
-0.00094 0.00008 -0.00110 -0.00090
-0.00054 0.00008 -0.00060 -0.00040
-0.00138 0.00004 -0.00140 -0.00130
0.00008 0.00004 0.00000 0.00010
0.00000 0.00000 0.00000 0.00000
0.00002 0.00004 0.00000 0.00010
-0.00002 0.00004 -0.00010 0.00000
-0.00048 0.00004 -0.00050 -0.00040
-0.00028 0.00012 -0.00050 -0.00020
-0.00060 0.00006 -0.00070 -0.00050
0.00226 0.00062 0.00150 0.00280
0.00246 0.00070 0.00120 0.00320
-0.00040 0.00013 -0.00060 -0.00030
-0.00004 0.00008 -0.00020 0.00000
-0.00040 0.00017 -0.00060 -0.00020
