# avg	std	min	max
0.69172 0.14787 0.46710 0.87750
0.47562 0.16279 0.18350 0.67900
0.22958 0.18866 -0.00620 0.55330
-0.64304 0.13800 -0.78400 -0.43160
2.68944 0.14698 2.41630 2.84070
-0.87600 0.26758 -1.19800 -0.45270
-0.53206 0.10830 -0.66890 -0.35480
-0.15898 0.29043 -0.60700 0.29560
0.49886 0.08604 0.40950 0.66120
0.87002 0.07020 0.80110 0.97240
0.17972 0.11827 0.07170 0.40870
0.39610 0.26771 0.17080 0.84180
-0.00076 0.56499 -0.51570 1.08720
1.03712 0.09415 0.85350 1.10540
0.65044 0.03777 0.58980 0.69690
0.93824 0.30104 0.38720 1.29480
1.96206 0.06290 1.89210 2.07190
-0.47454 0.12067 -0.58280 -0.23950
-0.03196 0.03635 -0.07340 0.03020
0.21382 0.25530 -0.08840 0.60530
