# avg	std	min	max
0.00720 0.00171 0.00510 0.00940
0.00840 0.00294 0.00480 0.01090
0.00288 0.00133 0.00100 0.00510
0.00128 0.00010 0.00120 0.00140
0.00174 0.00068 0.00040 0.00220
0.00006 0.00094 -0.00180 0.00070
-0.00168 0.00098 -0.00280 -0.00050
0.00226 0.00404 -0.00210 0.00740
0.00342 0.00067 0.00210 0.00390
0.00672 0.00293 0.00420 0.01050
0.00346 0.00005 0.00340 0.00350
0.00314 0.00015 0.00300 0.00340
0.04522 0.00124 0.04400 0.04750
0.00168 0.00090 0.00000 0.00250
0.00114 0.00005 0.00110 0.00120
0.00446 0.00308 0.00080 0.00820
0.00060 0.00152 -0.00130 0.00260
0.00034 0.00005 0.00030 0.00040
0.00004 0.00005 0.00000 0.00010
0.00146 0.00367 -0.00200 0.00860
