# avg	std	min	max
0.39900 0.04523 0.32670 0.45230
0.38352 0.05838 0.31400 0.49060
0.36030 0.07550 0.24100 0.44460
0.38064 0.05780 0.27920 0.44050
0.44638 0.03811 0.40350 0.49670
0.18898 0.07150 0.07680 0.28860
0.74130 0.09073 0.62090 0.89840
0.33106 0.08148 0.20280 0.44940
0.31408 0.00709 0.30050 0.32090
0.26562 0.03778 0.20930 0.32810
0.36274 0.02562 0.32040 0.39780
0.31320 0.05321 0.25990 0.40970
1.64548 0.15417 1.48260 1.90760
0.29794 0.04378 0.21250 0.33460
0.50954 0.05645 0.42030 0.58390
0.57776 0.06669 0.49640 0.68590
0.48596 0.05733 0.40340 0.55080
0.39910 0.06335 0.32390 0.51300
0.00000 0.00000 0.00000 0.00000
0.49396 0.03919 0.42270 0.53280
