# avg	std	min	max
0.11596 0.19243 -0.08610 0.43750
-0.09904 0.11021 -0.26240 0.08400
-0.16180 0.21101 -0.57340 0.03100
0.00588 0.10698 -0.11120 0.15250
0.01036 0.07290 -0.08820 0.13750
-0.29446 0.32038 -0.70550 0.02870
0.03586 0.07699 -0.01870 0.18880
-0.03620 0.03955 -0.09640 0.00290
-0.00414 0.10285 -0.09880 0.15280
-0.01296 0.09807 -0.13320 0.12160
-0.12844 0.19581 -0.47180 0.13720
-0.01380 0.07893 -0.09130 0.12430
-0.08146 0.04916 -0.12970 0.00980
0.02558 0.14303 -0.10830 0.22870
0.04170 0.09019 -0.06820 0.20400
-0.08062 0.07905 -0.16570 0.05810
-0.09012 0.27736 -0.51700 0.25110
-0.04336 0.19530 -0.42370 0.13590
0.09206 0.34096 -0.45160 0.46360
-0.16450 0.16337 -0.45890 0.02210
