# avg	std	min	max
0.00000 0.00000 0.00000 0.00000
0.00000 0.00000 0.00000 0.00000
0.00000 0.00000 0.00000 0.00000
0.00002 0.00004 0.00000 0.00010
0.00000 0.00000 0.00000 0.00000
0.00000 0.00000 0.00000 0.00000
0.00000 0.00000 0.00000 0.00000
-0.00006 0.00017 -0.00030 0.00020
-0.00006 0.00012 -0.00030 0.00000
0.00000 0.00000 0.00000 0.00000
0.00000 0.00000 0.00000 0.00000
0.00000 0.00000 0.00000 0.00000
-0.00002 0.00004 -0.00010 0.00000
-0.00002 0.00004 -0.00010 0.00000
0.00004 0.00008 0.00000 0.00020
-0.00206 0.00711 -0.00790 0.00680
-0.00904 0.00038 -0.00960 -0.00870
0.00460 0.00127 0.00370 0.00710
0.01276 0.00329 0.00760 0.01560
0.00000 0.00000 0.00000 0.00000
