# avg	std	min	max
-0.03228 0.00004 -0.03230 -0.03220
0.01638 0.00004 0.01630 0.01640
0.03452 0.00012 0.03430 0.03460
0.08046 0.01141 0.06820 0.09390
0.03246 0.00521 0.02830 0.04100
0.37984 0.01472 0.36520 0.40410
0.00526 0.00967 0.00020 0.02460
-0.01462 0.01381 -0.04080 -0.00030
-0.00286 0.00005 -0.00290 -0.00280
-0.00474 0.01774 -0.02370 0.02370
0.03020 0.00014 0.03000 0.03040
0.02296 0.04537 0.00020 0.11370
0.00046 0.00005 0.00040 0.00050
0.08464 0.00215 0.08220 0.08770
0.18808 0.04601 0.14260 0.26620
0.17754 0.03794 0.10260 0.20640
0.42160 0.02045 0.39550 0.45730
-0.13700 0.02770 -0.15110 -0.08160
-0.10684 0.02444 -0.15560 -0.09300
-0.01092 0.01347 -0.02520 0.01200
