# avg	std	min	max
-0.00550 0.00000 -0.00550 -0.00550
-0.00040 0.00000 -0.00040 -0.00040
-0.00216 0.00829 -0.00920 0.01220
-0.00592 0.00737 -0.01730 0.00260
-0.00410 0.01126 -0.02480 0.00440
-0.00076 0.02392 -0.04550 0.02470
-0.11906 0.00706 -0.12750 -0.11130
-0.06410 0.05749 -0.12540 0.00590
-0.00726 0.00845 -0.01500 0.00800
0.00000 0.00000 0.00000 0.00000
-0.00694 0.00005 -0.00700 -0.00690
-0.00232 0.00491 -0.00920 0.00240
-0.12828 0.00209 -0.13200 -0.12580
0.00210 0.00000 0.00210 0.00210
0.00164 0.00014 0.00150 0.00190
-0.02566 0.01486 -0.04410 -0.00450
-0.01278 0.00350 -0.01910 -0.00920
-0.00446 0.00448 -0.01110 0.00210
-0.01834 0.00429 -0.02570 -0.01230
0.00450 0.00000 0.00450 0.00450
