# avg	std	min	max
0.02970 0.00000 0.02970 0.02970
0.00622 0.00004 0.00620 0.00630
-0.00374 0.00015 -0.00400 -0.00360
0.01912 0.00012 0.01900 0.01930
-0.00724 0.00541 -0.01640 -0.00020
0.01878 0.00004 0.01870 0.01880
0.01896 0.00014 0.01880 0.01910
0.01884 0.00005 0.01880 0.01890
0.09480 0.00017 0.09460 0.09510
0.00000 0.00006 -0.00010 0.00010
0.01246 0.00008 0.01240 0.01260
0.01902 0.00004 0.01900 0.01910
0.01896 0.00008 0.01880 0.01900
0.01902 0.00004 0.01900 0.01910
0.01894 0.00012 0.01880 0.01910
-0.09188 0.00039 -0.09240 -0.09150
-0.06964 0.00339 -0.07240 -0.06320
0.02300 0.01287 0.00730 0.03490
0.03754 0.00265 0.03410 0.04100
0.01902 0.00004 0.01900 0.01910
