# avg	std	min	max
-0.00030 0.00000 -0.00030 -0.00030
0.00000 0.00000 0.00000 0.00000
0.00000 0.00000 0.00000 0.00000
0.00000 0.00000 0.00000 0.00000
0.00000 0.00000 0.00000 0.00000
0.00000 0.00000 0.00000 0.00000
0.00002 0.00004 0.00000 0.00010
0.00000 0.00000 0.00000 0.00000
0.00030 0.00000 0.00030 0.00030
0.00000 0.00000 0.00000 0.00000
0.00000 0.00000 0.00000 0.00000
0.00000 0.00000 0.00000 0.00000
0.00006 0.00005 0.00000 0.00010
0.00000 0.00000 0.00000 0.00000
0.00000 0.00000 0.00000 0.00000
-0.01240 0.00000 -0.01240 -0.01240
-0.01244 0.00005 -0.01250 -0.01240
0.00418 0.00202 0.00300 0.00820
0.00992 0.00064 0.00950 0.01120
-0.00050 0.00000 -0.00050 -0.00050
