# avg	std	min	max
-0.01290 0.00215 -0.01720 -0.01170
0.02316 0.00010 0.02300 0.02330
-0.02616 0.00039 -0.02680 -0.02580
-0.00758 0.02056 -0.02480 0.01790
-0.03484 0.00095 -0.03620 -0.03330
-0.00288 0.00282 -0.00530 0.00100
0.01726 0.00322 0.01150 0.02150
0.02160 0.01768 0.00050 0.04340
0.04068 0.01742 0.01410 0.06050
0.02040 0.00013 0.02020 0.02050
0.00024 0.00010 0.00010 0.00040
-0.00582 0.00013 -0.00600 -0.00560
0.00676 0.01640 -0.01500 0.02150
0.01378 0.00259 0.01150 0.01710
0.01936 0.00051 0.01840 0.01980
0.01718 0.00315 0.01200 0.02120
0.01582 0.00226 0.01130 0.01710
-0.00674 0.00507 -0.00950 0.00340
-0.00032 0.00430 -0.00770 0.00430
0.01934 0.01193 0.00080 0.03820
