# avg	std	min	max
0.03280 0.00013 0.03270 0.03300
-0.04704 0.00008 -0.04710 -0.04690
0.01588 0.00203 0.01340 0.01770
-0.03254 0.00316 -0.03800 -0.02860
-0.01308 0.00295 -0.01480 -0.00720
-0.17518 0.03860 -0.23310 -0.14040
0.02206 0.01142 0.00460 0.03800
-0.13426 0.14587 -0.42140 -0.02960
-0.01060 0.00000 -0.01060 -0.01060
-0.02138 0.00012 -0.02150 -0.02120
-0.00014 0.00023 -0.00040 0.00020
-0.05594 0.00015 -0.05620 -0.05580
0.08960 0.00885 0.07760 0.10490
0.23442 0.00995 0.22530 0.24840
-0.27074 0.63043 -0.84260 0.50130
0.55106 0.00384 0.54600 0.55630
-0.03972 0.41231 -0.40370 0.46570
0.15574 0.05287 0.07380 0.23730
-0.11230 0.37754 -0.64880 0.25530
-0.52060 0.59965 -1.01390 0.23660
