# avg	std	min	max
0.00180 0.00000 0.00180 0.00180
0.00130 0.00000 0.00130 0.00130
0.00000 0.00000 0.00000 0.00000
-0.00140 0.00350 -0.00600 0.00370
-0.00038 0.00012 -0.00050 -0.00020
0.00524 0.00752 -0.00110 0.01560
0.00778 0.00716 -0.00100 0.01490
-0.00194 0.01247 -0.02250 0.01680
0.00114 0.00027 0.00070 0.00140
0.00070 0.00000 0.00070 0.00070
0.00030 0.00000 0.00030 0.00030
0.00040 0.00000 0.00040 0.00040
0.00426 0.01416 -0.02350 0.01350
0.00020 0.00000 0.00020 0.00020
-0.00082 0.00249 -0.00560 0.00170
-0.02856 0.00008 -0.02870 -0.02850
-0.03384 0.00529 -0.03920 -0.02470
0.02466 0.00278 0.02170 0.02830
0.03540 0.01147 0.01760 0.04760
-0.00056 0.00010 -0.00070 -0.00040
