# avg	std	min	max
0.00000 0.00000 0.00000 0.00000
0.00040 0.00000 0.00040 0.00040
0.06590 0.09613 0.00430 0.25680
0.00426 0.00566 0.00000 0.01410
0.04086 0.02250 0.01100 0.08000
0.00000 0.00000 0.00000 0.00000
0.00000 0.00000 0.00000 0.00000
0.00000 0.00000 0.00000 0.00000
0.00000 0.00000 0.00000 0.00000
0.00042 0.00010 0.00030 0.00060
0.00192 0.00370 -0.00050 0.00930
0.00000 0.00000 0.00000 0.00000
0.00000 0.00000 0.00000 0.00000
0.00312 0.00255 0.00000 0.00530
0.00000 0.00000 0.00000 0.00000
-0.00446 0.01450 -0.01820 0.01330
-0.00856 0.01197 -0.01840 0.00610
0.00990 0.01204 -0.00240 0.03040
0.03590 0.01243 0.01280 0.04650
0.00000 0.00000 0.00000 0.00000
