# avg	std	min	max
-0.00318 0.00029 -0.00360 -0.00280
-0.00340 0.00053 -0.00380 -0.00240
0.00608 0.01301 -0.00480 0.02600
-0.00472 0.00634 -0.01740 -0.00110
0.00362 0.01160 -0.01370 0.01880
-0.01354 0.01069 -0.02680 0.00140
-0.00040 0.00033 -0.00080 -0.00010
0.00302 0.02319 -0.02900 0.03830
0.03528 0.00018 0.03510 0.03550
-0.00328 0.00019 -0.00350 -0.00300
-0.00464 0.00033 -0.00510 -0.00410
-0.00372 0.00004 -0.00380 -0.00370
0.00002 0.00054 -0.00060 0.00070
-0.00122 0.00043 -0.00190 -0.00060
-0.02204 0.00976 -0.03030 -0.00930
0.13084 0.00305 0.12730 0.13630
0.15468 0.02500 0.12330 0.17920
-0.09626 0.02047 -0.12750 -0.06590
-0.21958 0.01748 -0.23420 -0.18850
0.00042 0.00120 -0.00100 0.00170
