# avg	std	min	max
0.44752 0.02698 0.42230 0.48430
0.47030 0.03069 0.43270 0.50820
0.37144 0.04569 0.31990 0.42540
0.23502 0.04019 0.19340 0.30890
0.19334 0.02898 0.13780 0.22120
-0.19670 0.12935 -0.27400 0.06130
-0.19530 0.01652 -0.21000 -0.16340
1.12950 0.67029 -0.09800 1.84490
0.43136 0.02977 0.39750 0.47810
0.44304 0.01488 0.42190 0.46590
0.38160 0.04859 0.32010 0.46150
0.34804 0.02436 0.32790 0.39200
0.00628 0.00471 0.00000 0.01460
0.39008 0.03135 0.34670 0.44470
0.42668 0.03147 0.38750 0.47590
0.86072 0.17333 0.58420 1.11050
0.58152 0.10925 0.38660 0.71330
-0.04230 0.39751 -0.59970 0.37390
0.38710 0.18148 0.13430 0.68980
0.31636 0.00852 0.30300 0.32880
