# avg	std	min	max
0.03304 0.00274 0.03070 0.03650
-0.00460 0.00011 -0.00470 -0.00440
-0.02348 0.00021 -0.02380 -0.02320
0.00328 0.00323 0.00130 0.00970
-0.02074 0.00303 -0.02460 -0.01820
0.00276 0.00258 0.00100 0.00790
-0.00100 0.00000 -0.00100 -0.00100
-0.00376 0.01564 -0.03310 0.01390
-0.04020 0.00072 -0.04070 -0.03880
0.00908 0.00311 0.00730 0.01530
-0.01740 0.00947 -0.02390 0.00110
-0.02876 0.00320 -0.03170 -0.02380
0.00000 0.00000 0.00000 0.00000
-0.01380 0.01672 -0.02750 0.01070
0.00650 0.00302 0.00390 0.01220
0.01340 0.00223 0.01180 0.01780
-0.00214 0.01163 -0.02300 0.00860
0.00460 0.00285 0.00060 0.00820
-0.00032 0.00284 -0.00600 0.00120
0.00558 0.00496 0.00000 0.01330
