# avg	std	min	max
-0.03100 0.03258 -0.08350 0.00540
0.02718 0.03906 -0.01870 0.07940
0.13394 0.09102 0.02560 0.26980
0.05248 0.03480 0.00160 0.09030
0.19662 0.09705 0.07600 0.37000
0.06740 0.10078 -0.04120 0.25530
0.08738 0.15293 -0.00430 0.39250
0.44200 0.37647 0.07170 0.95070
0.21634 0.02174 0.19270 0.25630
0.07448 0.11435 -0.03180 0.29600
0.03324 0.10138 -0.06150 0.22490
0.06624 0.03596 -0.00230 0.09430
0.00218 0.02361 -0.03420 0.04020
0.05588 0.02652 0.02460 0.09220
0.04708 0.01324 0.03600 0.07310
0.03514 0.13412 -0.23160 0.12670
0.06630 0.10574 -0.05250 0.23940
0.01678 0.02858 -0.03140 0.05520
-0.03512 0.03063 -0.07150 0.01230
0.03478 0.06582 -0.04170 0.13430
