# avg	std	min	max
-0.08270 0.17394 -0.43050 0.01050
0.03108 0.04586 0.00160 0.12130
0.00438 0.01683 -0.02510 0.02620
-0.00488 0.04058 -0.08160 0.03900
0.12214 0.17972 0.00380 0.47630
-0.05474 0.14107 -0.33460 0.04990
-0.17310 0.21418 -0.43880 0.00210
-0.15508 0.20166 -0.43940 0.02960
-0.08288 0.17501 -0.43270 0.01600
0.00508 0.00428 0.00100 0.01330
0.01208 0.01091 0.00340 0.03050
0.01152 0.01139 0.00060 0.02920
-0.00000 0.00006 -0.00010 0.00010
0.00818 0.00717 0.00180 0.02000
0.00648 0.00526 0.00160 0.01400
-0.08152 0.18681 -0.45500 0.02180
-0.00188 0.01271 -0.02650 0.00740
-0.09524 0.17175 -0.43500 0.02210
-0.12320 0.15913 -0.43080 0.00060
-0.08188 0.17631 -0.43440 0.01220
