# avg	std	min	max
0.00044 0.00000 0.00044 0.00044
0.00000 0.00000 0.00000 0.00000
0.00006 0.00000 0.00006 0.00006
0.00006 0.00000 0.00006 0.00006
0.00022 0.00000 0.00022 0.00022
-0.00050 0.00000 -0.00050 -0.00050
0.00000 0.00000 0.00000 0.00000
0.00100 0.00000 0.00100 0.00100
0.00370 0.00000 0.00370 0.00370
0.00000 0.00000 0.00000 0.00000
0.00010 0.00000 0.00010 0.00010
0.00000 0.00000 0.00000 0.00000
0.00000 0.00000 0.00000 0.00000
0.00010 0.00000 0.00010 0.00010
0.00012 0.00000 0.00012 0.00012
0.03324 0.00000 0.03324 0.03324
0.04498 0.00000 0.04498 0.04498
-0.03560 0.00000 -0.03560 -0.03560
-0.05064 0.00000 -0.05064 -0.05064
-0.00676 0.00000 -0.00676 -0.00676
