# avg	std	min	max
0.03320 0.00000 0.03320 0.03320
0.12646 0.00000 0.12646 0.12646
1.21470 0.00000 1.21470 1.21470
0.79256 0.00000 0.79256 0.79256
2.15680 0.00000 2.15680 2.15680
0.49228 0.00000 0.49228 0.49228
3.59066 0.00000 3.59066 3.59066
9.47247 0.00000 9.47247 9.47247
3.06032 0.00000 3.06032 3.06032
1.85092 0.00000 1.85092 1.85092
1.63998 0.00000 1.63998 1.63998
0.08776 0.00000 0.08776 0.08776
2.72306 0.00000 2.72306 2.72306
0.71938 0.00000 0.71938 0.71938
1.58848 0.00000 1.58848 1.58848
0.01580 0.00000 0.01580 0.01580
1.61336 0.00000 1.61336 1.61336
1.49140 0.00000 1.49140 1.49140
3.17328 0.00000 3.17328 3.17328
2.08810 0.00000 2.08810 2.08810
