# avg	std	min	max
0.31670 0.00000 0.31670 0.31670
0.62750 0.00000 0.62750 0.62750
0.78698 0.00000 0.78698 0.78698
0.84502 0.00000 0.84502 0.84502
1.40566 0.00000 1.40566 1.40566
0.98052 0.00000 0.98052 0.98052
1.10744 0.00000 1.10744 1.10744
1.32250 0.00000 1.32250 1.32250
0.75764 0.00000 0.75764 0.75764
0.97316 0.00000 0.97316 0.97316
0.70800 0.00000 0.70800 0.70800
0.70618 0.00000 0.70618 0.70618
1.42596 0.00000 1.42596 1.42596
-0.05954 0.00000 -0.05954 -0.05954
0.16514 0.00000 0.16514 0.16514
-0.21626 0.00000 -0.21626 -0.21626
-0.01902 0.00000 -0.01902 -0.01902
1.01256 0.00000 1.01256 1.01256
0.70084 0.00000 0.70084 0.70084
0.93920 0.00000 0.93920 0.93920
