# avg	std	min	max
0.03652 0.00000 0.03652 0.03652
-0.09158 0.00000 -0.09158 -0.09158
-0.18740 0.00000 -0.18740 -0.18740
-0.27004 0.00000 -0.27004 -0.27004
-0.17642 0.00000 -0.17642 -0.17642
0.00054 0.00000 0.00054 0.00054
-0.00254 0.00000 -0.00254 -0.00254
0.06100 0.00000 0.06100 0.06100
1.21608 0.00000 1.21608 1.21608
0.09594 0.00000 0.09594 0.09594
0.36430 0.00000 0.36430 0.36430
-0.20158 0.00000 -0.20158 -0.20158
-0.14568 0.00000 -0.14568 -0.14568
-0.98708 0.00000 -0.98708 -0.98708
-0.23788 0.00000 -0.23788 -0.23788
-0.37926 0.00000 -0.37926 -0.37926
-0.05002 0.00000 -0.05002 -0.05002
-0.13132 0.00000 -0.13132 -0.13132
0.51046 0.00000 0.51046 0.51046
-1.15390 0.00000 -1.15390 -1.15390
