# avg	std	min	max
0.33490 0.00000 0.33490 0.33490
0.18392 0.00000 0.18392 0.18392
0.08832 0.00000 0.08832 0.08832
0.04328 0.00000 0.04328 0.04328
0.11800 0.00000 0.11800 0.11800
-0.01244 0.00000 -0.01244 -0.01244
-0.00350 0.00000 -0.00350 -0.00350
0.33758 0.00000 0.33758 0.33758
-0.08434 0.00000 -0.08434 -0.08434
0.19860 0.00000 0.19860 0.19860
0.14690 0.00000 0.14690 0.14690
0.12646 0.00000 0.12646 0.12646
0.01282 0.00000 0.01282 0.01282
0.10886 0.00000 0.10886 0.10886
0.10718 0.00000 0.10718 0.10718
0.14754 0.00000 0.14754 0.14754
0.09964 0.00000 0.09964 0.09964
0.07082 0.00000 0.07082 0.07082
0.01858 0.00000 0.01858 0.01858
-0.02812 0.00000 -0.02812 -0.02812
