# avg	std	min	max
0.00000 0.00000 0.00000 0.00000
-0.00324 0.00000 -0.00324 -0.00324
0.35802 0.00000 0.35802 0.35802
0.06582 0.00000 0.06582 0.06582
0.42490 0.00000 0.42490 0.42490
-0.20212 0.00000 -0.20212 -0.20212
0.80736 0.00000 0.80736 0.80736
0.43866 0.00000 0.43866 0.43866
0.05120 0.00000 0.05120 0.05120
0.02540 0.00000 0.02540 0.02540
0.05922 0.00000 0.05922 0.05922
-0.06862 0.00000 -0.06862 -0.06862
-0.04074 0.00000 -0.04074 -0.04074
0.01544 0.00000 0.01544 0.01544
0.06568 0.00000 0.06568 0.06568
-0.04540 0.00000 -0.04540 -0.04540
-0.08468 0.00000 -0.08468 -0.08468
-0.06162 0.00000 -0.06162 -0.06162
0.05068 0.00000 0.05068 0.05068
0.11044 0.00000 0.11044 0.11044
