# avg	std	min	max
0.00000 0.00000 0.00000 0.00000
0.36224 0.00000 0.36224 0.36224
0.22196 0.00000 0.22196 0.22196
2.69660 0.00000 2.69660 2.69660
1.88656 0.00000 1.88656 1.88656
0.95306 0.00000 0.95306 0.95306
1.46738 0.00000 1.46738 1.46738
2.58912 0.00000 2.58912 2.58912
0.57362 0.00000 0.57362 0.57362
0.39086 0.00000 0.39086 0.39086
0.85228 0.00000 0.85228 0.85228
0.19800 0.00000 0.19800 0.19800
2.39570 0.00000 2.39570 2.39570
1.25458 0.00000 1.25458 1.25458
2.34122 0.00000 2.34122 2.34122
2.40378 0.00000 2.40378 2.40378
3.65030 0.00000 3.65030 3.65030
1.93714 0.00000 1.93714 1.93714
1.52910 0.00000 1.52910 1.52910
1.04936 0.00000 1.04936 1.04936
