# avg	std	min	max
0.00000 0.00000 0.00000 0.00000
-0.07204 0.00000 -0.07204 -0.07204
0.06070 0.00000 0.06070 0.06070
0.34190 0.00000 0.34190 0.34190
0.15012 0.00000 0.15012 0.15012
-0.10902 0.00000 -0.10902 -0.10902
-0.23952 0.00000 -0.23952 -0.23952
0.52610 0.00000 0.52610 0.52610
-0.16430 0.00000 -0.16430 -0.16430
0.87502 0.00000 0.87502 0.87502
0.38214 0.00000 0.38214 0.38214
0.18340 0.00000 0.18340 0.18340
-0.18862 0.00000 -0.18862 -0.18862
0.50434 0.00000 0.50434 0.50434
-0.13894 0.00000 -0.13894 -0.13894
0.98984 0.00000 0.98984 0.98984
0.32786 0.00000 0.32786 0.32786
0.60346 0.00000 0.60346 0.60346
0.00806 0.00000 0.00806 0.00806
0.21352 0.00000 0.21352 0.21352
