# avg	std	min	max
0.00000 0.00000 0.00000 0.00000
0.15412 0.00000 0.15412 0.15412
3.31006 0.00000 3.31006 3.31006
3.07760 0.00000 3.07760 3.07760
3.75088 0.00000 3.75088 3.75088
1.75764 0.00000 1.75764 1.75764
12.00250 0.00000 12.00250 12.00250
4.87888 0.00000 4.87888 4.87888
-0.60908 0.00000 -0.60908 -0.60908
-1.03492 0.00000 -1.03492 -1.03492
1.48070 0.00000 1.48070 1.48070
0.76878 0.00000 0.76878 0.76878
12.60389 0.00000 12.60389 12.60389
1.97026 0.00000 1.97026 1.97026
3.03456 0.00000 3.03456 3.03456
2.38844 0.00000 2.38844 2.38844
3.52946 0.00000 3.52946 3.52946
3.19178 0.00000 3.19178 3.19178
4.93886 0.00000 4.93886 4.93886
9.78244 0.00000 9.78244 9.78244
