# avg	std	min	max
0.00000 0.00000 0.00000 0.00000
2.02630 0.00000 2.02630 2.02630
3.18040 0.00000 3.18040 3.18040
1.61090 0.00000 1.61090 1.61090
3.03636 0.00000 3.03636 3.03636
1.77536 0.00000 1.77536 1.77536
1.63354 0.00000 1.63354 1.63354
2.22776 0.00000 2.22776 2.22776
13.60870 0.00000 13.60870 13.60870
2.66520 0.00000 2.66520 2.66520
3.87646 0.00000 3.87646 3.87646
2.37188 0.00000 2.37188 2.37188
1.65592 0.00000 1.65592 1.65592
2.58704 0.00000 2.58704 2.58704
2.17558 0.00000 2.17558 2.17558
3.35204 0.00000 3.35204 3.35204
3.65818 0.00000 3.65818 3.65818
1.72462 0.00000 1.72462 1.72462
1.69010 0.00000 1.69010 1.69010
2.43196 0.00000 2.43196 2.43196
