# avg	std	min	max
0.02644 0.00000 0.02644 0.02644
0.00490 0.00000 0.00490 0.00490
0.00962 0.00000 0.00962 0.00962
-0.05918 0.00000 -0.05918 -0.05918
0.00028 0.00000 0.00028 0.00028
-0.03514 0.00000 -0.03514 -0.03514
0.01308 0.00000 0.01308 0.01308
-0.01208 0.00000 -0.01208 -0.01208
-0.03094 0.00000 -0.03094 -0.03094
-0.00258 0.00000 -0.00258 -0.00258
0.01656 0.00000 0.01656 0.01656
0.01940 0.00000 0.01940 0.01940
0.02538 0.00000 0.02538 0.02538
0.02040 0.00000 0.02040 0.02040
-0.02142 0.00000 -0.02142 -0.02142
0.00966 0.00000 0.00966 0.00966
0.27084 0.00000 0.27084 0.27084
-0.11242 0.00000 -0.11242 -0.11242
-0.22576 0.00000 -0.22576 -0.22576
0.03014 0.00000 0.03014 0.03014
