# avg	std	min	max
0.56274 0.00000 0.56274 0.56274
0.53222 0.00000 0.53222 0.53222
0.50214 0.00000 0.50214 0.50214
0.29578 0.00000 0.29578 0.29578
0.41590 0.00000 0.41590 0.41590
0.33028 0.00000 0.33028 0.33028
0.38930 0.00000 0.38930 0.38930
0.51706 0.00000 0.51706 0.51706
0.43522 0.00000 0.43522 0.43522
0.58448 0.00000 0.58448 0.58448
0.68020 0.00000 0.68020 0.68020
0.51820 0.00000 0.51820 0.51820
-1.38300 0.00000 -1.38300 -1.38300
0.66588 0.00000 0.66588 0.66588
0.56430 0.00000 0.56430 0.56430
0.34636 0.00000 0.34636 0.34636
0.21020 0.00000 0.21020 0.21020
0.00390 0.00000 0.00390 0.00390
-0.62432 0.00000 -0.62432 -0.62432
0.67826 0.00000 0.67826 0.67826
