# avg	std	min	max
-0.00210 0.00000 -0.00210 -0.00210
-0.00230 0.00000 -0.00230 -0.00230
0.02856 0.00000 0.02856 0.02856
-0.00354 0.00000 -0.00354 -0.00354
0.03770 0.00000 0.03770 0.03770
-0.00620 0.00000 -0.00620 -0.00620
-0.00570 0.00000 -0.00570 -0.00570
0.15924 0.00000 0.15924 0.15924
0.09930 0.00000 0.09930 0.09930
-0.00220 0.00000 -0.00220 -0.00220
-0.00210 0.00000 -0.00210 -0.00210
-0.00320 0.00000 -0.00320 -0.00320
-0.00580 0.00000 -0.00580 -0.00580
-0.00220 0.00000 -0.00220 -0.00220
-0.00304 0.00000 -0.00304 -0.00304
-0.06842 0.00000 -0.06842 -0.06842
-0.01424 0.00000 -0.01424 -0.01424
0.00020 0.00000 0.00020 0.00020
0.00974 0.00000 0.00974 0.00974
-0.00220 0.00000 -0.00220 -0.00220
