# avg	std	min	max
0.11492 0.00000 0.11492 0.11492
0.09342 0.00000 0.09342 0.09342
0.07040 0.00000 0.07040 0.07040
0.00656 0.00000 0.00656 0.00656
-0.04918 0.00000 -0.04918 -0.04918
-0.02360 0.00000 -0.02360 -0.02360
-0.23238 0.00000 -0.23238 -0.23238
-0.01988 0.00000 -0.01988 -0.01988
0.11400 0.00000 0.11400 0.11400
0.06860 0.00000 0.06860 0.06860
0.05698 0.00000 0.05698 0.05698
0.08070 0.00000 0.08070 0.08070
-0.56192 0.00000 -0.56192 -0.56192
-0.01002 0.00000 -0.01002 -0.01002
0.17106 0.00000 0.17106 0.17106
0.21618 0.00000 0.21618 0.21618
0.20416 0.00000 0.20416 0.20416
-0.44736 0.00000 -0.44736 -0.44736
-0.76940 0.00000 -0.76940 -0.76940
-0.02518 0.00000 -0.02518 -0.02518
