# avg	std	min	max
0.31594 0.00000 0.31594 0.31594
0.29832 0.00000 0.29832 0.29832
0.15604 0.00000 0.15604 0.15604
0.01376 0.00000 0.01376 0.01376
0.23038 0.00000 0.23038 0.23038
-0.10380 0.00000 -0.10380 -0.10380
-0.13988 0.00000 -0.13988 -0.13988
0.37722 0.00000 0.37722 0.37722
0.34292 0.00000 0.34292 0.34292
0.41674 0.00000 0.41674 0.41674
0.39714 0.00000 0.39714 0.39714
0.30752 0.00000 0.30752 0.30752
-0.06290 0.00000 -0.06290 -0.06290
0.06528 0.00000 0.06528 0.06528
-0.15980 0.00000 -0.15980 -0.15980
0.68538 0.00000 0.68538 0.68538
0.35786 0.00000 0.35786 0.35786
-0.58780 0.00000 -0.58780 -0.58780
-0.68316 0.00000 -0.68316 -0.68316
0.01184 0.00000 0.01184 0.01184
