# avg	std	min	max
0.00000 0.00000 0.00000 0.00000
0.00000 0.00000 0.00000 0.00000
0.00000 0.00000 0.00000 0.00000
0.00000 0.00000 0.00000 0.00000
-0.00010 0.00000 -0.00010 -0.00010
0.00000 0.00000 0.00000 0.00000
0.00000 0.00000 0.00000 0.00000
0.00006 0.00000 0.00006 0.00006
-0.00006 0.00000 -0.00006 -0.00006
0.00000 0.00000 0.00000 0.00000
-0.00002 0.00000 -0.00002 -0.00002
0.00000 0.00000 0.00000 0.00000
0.00000 0.00000 0.00000 0.00000
0.00000 0.00000 0.00000 0.00000
0.00000 0.00000 0.00000 0.00000
-0.00440 0.00000 -0.00440 -0.00440
-0.00514 0.00000 -0.00514 -0.00514
0.00102 0.00000 0.00102 0.00102
0.00284 0.00000 0.00284 0.00284
0.00000 0.00000 0.00000 0.00000
