# avg	std	min	max
0.00000 0.00000 0.00000 0.00000
0.00000 0.00000 0.00000 0.00000
0.00000 0.00000 0.00000 0.00000
0.00000 0.00000 0.00000 0.00000
0.00000 0.00000 0.00000 0.00000
0.00000 0.00000 0.00000 0.00000
0.00000 0.00000 0.00000 0.00000
0.00252 0.00000 0.00252 0.00252
0.00000 0.00000 0.00000 0.00000
0.00000 0.00000 0.00000 0.00000
0.00000 0.00000 0.00000 0.00000
0.00000 0.00000 0.00000 0.00000
0.00158 0.00000 0.00158 0.00158
0.00000 0.00000 0.00000 0.00000
0.00000 0.00000 0.00000 0.00000
-0.00946 0.00000 -0.00946 -0.00946
-0.01414 0.00000 -0.01414 -0.01414
0.01120 0.00000 0.01120 0.01120
0.00706 0.00000 0.00706 0.00706
0.01000 0.00000 0.01000 0.01000
