# avg	std	min	max
0.08266 0.00000 0.08266 0.08266
0.07080 0.00000 0.07080 0.07080
0.06704 0.00000 0.06704 0.06704
-0.02072 0.00000 -0.02072 -0.02072
0.00862 0.00000 0.00862 0.00862
-0.03040 0.00000 -0.03040 -0.03040
0.05788 0.00000 0.05788 0.05788
0.06422 0.00000 0.06422 0.06422
0.06716 0.00000 0.06716 0.06716
0.05470 0.00000 0.05470 0.05470
0.04804 0.00000 0.04804 0.04804
0.04182 0.00000 0.04182 0.04182
0.05502 0.00000 0.05502 0.05502
0.00002 0.00000 0.00002 0.00002
-0.04578 0.00000 -0.04578 -0.04578
0.16800 0.00000 0.16800 0.16800
0.07338 0.00000 0.07338 0.07338
-0.08354 0.00000 -0.08354 -0.08354
-0.13528 0.00000 -0.13528 -0.13528
0.05476 0.00000 0.05476 0.05476
