# avg	std	min	max
-0.02190 0.00000 -0.02190 -0.02190
0.00756 0.00000 0.00756 0.00756
0.01234 0.00000 0.01234 0.01234
0.00272 0.00000 0.00272 0.00272
0.00298 0.00000 0.00298 0.00298
0.01400 0.00000 0.01400 0.01400
-0.00172 0.00000 -0.00172 -0.00172
-0.00426 0.00000 -0.00426 -0.00426
-0.04284 0.00000 -0.04284 -0.04284
0.01086 0.00000 0.01086 0.01086
0.02360 0.00000 0.02360 0.02360
0.00260 0.00000 0.00260 0.00260
-0.00192 0.00000 -0.00192 -0.00192
0.00002 0.00000 0.00002 0.00002
-0.01182 0.00000 -0.01182 -0.01182
0.06306 0.00000 0.06306 0.06306
0.04048 0.00000 0.04048 0.04048
0.00260 0.00000 0.00260 0.00260
-0.00060 0.00000 -0.00060 -0.00060
-0.00762 0.00000 -0.00762 -0.00762
