# avg	std	min	max
-0.00476 0.00000 -0.00476 -0.00476
0.00036 0.00000 0.00036 0.00036
0.00308 0.00000 0.00308 0.00308
0.01490 0.00000 0.01490 0.01490
0.00270 0.00000 0.00270 0.00270
0.00582 0.00000 0.00582 0.00582
0.01868 0.00000 0.01868 0.01868
0.00326 0.00000 0.00326 0.00326
0.00080 0.00000 0.00080 0.00080
0.00108 0.00000 0.00108 0.00108
0.00290 0.00000 0.00290 0.00290
0.00168 0.00000 0.00168 0.00168
0.01484 0.00000 0.01484 0.01484
0.00000 0.00000 0.00000 0.00000
0.00502 0.00000 0.00502 0.00502
-0.00078 0.00000 -0.00078 -0.00078
0.04644 0.00000 0.04644 0.04644
-0.00454 0.00000 -0.00454 -0.00454
-0.01688 0.00000 -0.01688 -0.01688
-0.00050 0.00000 -0.00050 -0.00050
