# avg	std	min	max
0.00210 0.00000 0.00210 0.00210
0.00080 0.00000 0.00080 0.00080
0.00080 0.00000 0.00080 0.00080
0.00080 0.00000 0.00080 0.00080
-0.02046 0.00000 -0.02046 -0.02046
-0.00828 0.00000 -0.00828 -0.00828
0.00080 0.00000 0.00080 0.00080
0.00080 0.00000 0.00080 0.00080
0.00000 0.00000 0.00000 0.00000
0.00080 0.00000 0.00080 0.00080
0.00100 0.00000 0.00100 0.00100
0.00080 0.00000 0.00080 0.00080
0.00080 0.00000 0.00080 0.00080
0.00080 0.00000 0.00080 0.00080
0.00080 0.00000 0.00080 0.00080
-0.02804 0.00000 -0.02804 -0.02804
-0.06552 0.00000 -0.06552 -0.06552
0.03300 0.00000 0.03300 0.03300
-0.06894 0.00000 -0.06894 -0.06894
-0.00118 0.00000 -0.00118 -0.00118
