# avg	std	min	max
-0.01454 0.00000 -0.01454 -0.01454
-0.02478 0.00000 -0.02478 -0.02478
-0.06478 0.00000 -0.06478 -0.06478
-0.03958 0.00000 -0.03958 -0.03958
-0.05260 0.00000 -0.05260 -0.05260
-0.01878 0.00000 -0.01878 -0.01878
-0.15410 0.00000 -0.15410 -0.15410
-0.08486 0.00000 -0.08486 -0.08486
0.00030 0.00000 0.00030 0.00030
-0.04470 0.00000 -0.04470 -0.04470
-0.02998 0.00000 -0.02998 -0.02998
-0.01906 0.00000 -0.01906 -0.01906
-0.11120 0.00000 -0.11120 -0.11120
-0.03400 0.00000 -0.03400 -0.03400
-0.01272 0.00000 -0.01272 -0.01272
-0.06328 0.00000 -0.06328 -0.06328
-0.05584 0.00000 -0.05584 -0.05584
-0.04688 0.00000 -0.04688 -0.04688
0.30446 0.00000 0.30446 0.30446
-0.05782 0.00000 -0.05782 -0.05782
