# avg	std	min	max
-0.01566 0.00000 -0.01566 -0.01566
-0.02798 0.00000 -0.02798 -0.02798
-0.02826 0.00000 -0.02826 -0.02826
-0.02802 0.00000 -0.02802 -0.02802
-0.02826 0.00000 -0.02826 -0.02826
-0.02586 0.00000 -0.02586 -0.02586
-0.04172 0.00000 -0.04172 -0.04172
-0.02948 0.00000 -0.02948 -0.02948
-0.02200 0.00000 -0.02200 -0.02200
-0.02364 0.00000 -0.02364 -0.02364
-0.02650 0.00000 -0.02650 -0.02650
-0.02916 0.00000 -0.02916 -0.02916
-0.05156 0.00000 -0.05156 -0.05156
-0.02110 0.00000 -0.02110 -0.02110
0.00172 0.00000 0.00172 0.00172
-0.02850 0.00000 -0.02850 -0.02850
-0.02856 0.00000 -0.02856 -0.02856
-0.00180 0.00000 -0.00180 -0.00180
-0.05216 0.00000 -0.05216 -0.05216
-0.02976 0.00000 -0.02976 -0.02976
