# avg	std	min	max
0.00888 0.00000 0.00888 0.00888
-0.00316 0.00000 -0.00316 -0.00316
-0.00332 0.00000 -0.00332 -0.00332
0.03098 0.00000 0.03098 0.03098
0.03072 0.00000 0.03072 0.03072
-0.02066 0.00000 -0.02066 -0.02066
-0.04086 0.00000 -0.04086 -0.04086
-0.07384 0.00000 -0.07384 -0.07384
-0.01506 0.00000 -0.01506 -0.01506
-0.00266 0.00000 -0.00266 -0.00266
-0.00212 0.00000 -0.00212 -0.00212
-0.00102 0.00000 -0.00102 -0.00102
-0.04738 0.00000 -0.04738 -0.04738
-0.02274 0.00000 -0.02274 -0.02274
0.00128 0.00000 0.00128 0.00128
0.09960 0.00000 0.09960 0.09960
0.10634 0.00000 0.10634 0.10634
-0.12286 0.00000 -0.12286 -0.12286
-0.16164 0.00000 -0.16164 -0.16164
-0.03318 0.00000 -0.03318 -0.03318
