# avg	std	min	max
0.00460 0.00000 0.00460 0.00460
-0.00152 0.00000 -0.00152 -0.00152
0.00010 0.00000 0.00010 0.00010
0.00000 0.00000 0.00000 0.00000
0.00010 0.00000 0.00010 0.00010
0.00000 0.00000 0.00000 0.00000
0.00000 0.00000 0.00000 0.00000
0.00002 0.00000 0.00002 0.00002
-0.00870 0.00000 -0.00870 -0.00870
-0.00070 0.00000 -0.00070 -0.00070
-0.00542 0.00000 -0.00542 -0.00542
-0.00560 0.00000 -0.00560 -0.00560
0.00000 0.00000 0.00000 0.00000
-0.00160 0.00000 -0.00160 -0.00160
0.00000 0.00000 0.00000 0.00000
0.00096 0.00000 0.00096 0.00096
-0.00006 0.00000 -0.00006 -0.00006
0.00414 0.00000 0.00414 0.00414
-0.00880 0.00000 -0.00880 -0.00880
0.00000 0.00000 0.00000 0.00000
