# avg	std	min	max
0.44732 0.00000 0.44732 0.44732
0.06072 0.00000 0.06072 0.06072
-0.85678 0.00000 -0.85678 -0.85678
-1.03830 0.00000 -1.03830 -1.03830
-1.04894 0.00000 -1.04894 -1.04894
-1.36832 0.00000 -1.36832 -1.36832
-0.24454 0.00000 -0.24454 -0.24454
-0.28404 0.00000 -0.28404 -0.28404
-0.12914 0.00000 -0.12914 -0.12914
-0.85018 0.00000 -0.85018 -0.85018
-0.19106 0.00000 -0.19106 -0.19106
-0.09532 0.00000 -0.09532 -0.09532
0.04018 0.00000 0.04018 0.04018
-0.50182 0.00000 -0.50182 -0.50182
0.00000 0.00000 0.00000 0.00000
0.14854 0.00000 0.14854 0.14854
0.62866 0.00000 0.62866 0.62866
-0.80818 0.00000 -0.80818 -0.80818
-0.69892 0.00000 -0.69892 -0.69892
-0.62654 0.00000 -0.62654 -0.62654
