# avg	std	min	max
0.00830 0.00000 0.00830 0.00830
0.00848 0.00000 0.00848 0.00848
0.00806 0.00000 0.00806 0.00806
0.00770 0.00000 0.00770 0.00770
0.00766 0.00000 0.00766 0.00766
0.00660 0.00000 0.00660 0.00660
0.00710 0.00000 0.00710 0.00710
0.00662 0.00000 0.00662 0.00662
0.00856 0.00000 0.00856 0.00856
0.00852 0.00000 0.00852 0.00852
0.00836 0.00000 0.00836 0.00836
0.00812 0.00000 0.00812 0.00812
0.00728 0.00000 0.00728 0.00728
0.00796 0.00000 0.00796 0.00796
0.00798 0.00000 0.00798 0.00798
0.00806 0.00000 0.00806 0.00806
0.00806 0.00000 0.00806 0.00806
0.00006 0.00000 0.00006 0.00006
-0.00006 0.00000 -0.00006 -0.00006
0.00786 0.00000 0.00786 0.00786
