# avg	std	min	max
0.12882 0.00000 0.12882 0.12882
0.01790 0.00000 0.01790 0.01790
0.00986 0.00000 0.00986 0.00986
0.02936 0.00000 0.02936 0.02936
0.01530 0.00000 0.01530 0.01530
0.02374 0.00000 0.02374 0.02374
0.02404 0.00000 0.02404 0.02404
0.01874 0.00000 0.01874 0.01874
-0.03988 0.00000 -0.03988 -0.03988
0.01770 0.00000 0.01770 0.01770
0.00130 0.00000 0.00130 0.00130
0.02854 0.00000 0.02854 0.02854
0.02398 0.00000 0.02398 0.02398
0.02338 0.00000 0.02338 0.02338
0.02196 0.00000 0.02196 0.02196
0.07396 0.00000 0.07396 0.07396
0.03998 0.00000 0.03998 0.03998
0.02678 0.00000 0.02678 0.02678
0.00006 0.00000 0.00006 0.00006
0.01516 0.00000 0.01516 0.01516
