# avg	std	min	max
0.40746 0.00000 0.40746 0.40746
0.45888 0.00000 0.45888 0.45888
0.74928 0.00000 0.74928 0.74928
0.55112 0.00000 0.55112 0.55112
0.64320 0.00000 0.64320 0.64320
0.59086 0.00000 0.59086 0.59086
0.49960 0.00000 0.49960 0.49960
0.24684 0.00000 0.24684 0.24684
0.76982 0.00000 0.76982 0.76982
-0.00208 0.00000 -0.00208 -0.00208
0.17572 0.00000 0.17572 0.17572
0.64488 0.00000 0.64488 0.64488
0.51654 0.00000 0.51654 0.51654
-0.07716 0.00000 -0.07716 -0.07716
0.66364 0.00000 0.66364 0.66364
0.83770 0.00000 0.83770 0.83770
0.65628 0.00000 0.65628 0.65628
0.10482 0.00000 0.10482 0.10482
0.50686 0.00000 0.50686 0.50686
-0.10392 0.00000 -0.10392 -0.10392
