# avg	std	min	max
-0.00380 0.00000 -0.00380 -0.00380
-0.05528 0.00000 -0.05528 -0.05528
-0.02688 0.00000 -0.02688 -0.02688
-0.03574 0.00000 -0.03574 -0.03574
0.11926 0.00000 0.11926 0.11926
-0.00002 0.00000 -0.00002 -0.00002
0.00076 0.00000 0.00076 0.00076
-0.01386 0.00000 -0.01386 -0.01386
0.01494 0.00000 0.01494 0.01494
0.00004 0.00000 0.00004 0.00004
0.01372 0.00000 0.01372 0.01372
0.00002 0.00000 0.00002 0.00002
-0.00024 0.00000 -0.00024 -0.00024
0.00002 0.00000 0.00002 0.00002
0.00028 0.00000 0.00028 0.00028
0.00696 0.00000 0.00696 0.00696
0.01112 0.00000 0.01112 0.01112
-0.00788 0.00000 -0.00788 -0.00788
-0.01486 0.00000 -0.01486 -0.01486
-0.00188 0.00000 -0.00188 -0.00188
