# avg	std	min	max
0.00000 0.00000 0.00000 0.00000
0.00000 0.00000 0.00000 0.00000
0.00000 0.00000 0.00000 0.00000
-0.00040 0.00000 -0.00040 -0.00040
-0.00020 0.00000 -0.00020 -0.00020
-0.00032 0.00000 -0.00032 -0.00032
0.00000 0.00000 0.00000 0.00000
-0.00042 0.00000 -0.00042 -0.00042
0.00000 0.00000 0.00000 0.00000
0.00000 0.00000 0.00000 0.00000
0.00000 0.00000 0.00000 0.00000
0.00000 0.00000 0.00000 0.00000
0.00000 0.00000 0.00000 0.00000
0.00000 0.00000 0.00000 0.00000
0.00000 0.00000 0.00000 0.00000
0.01354 0.00000 0.01354 0.01354
0.00196 0.00000 0.00196 0.00196
0.00000 0.00000 0.00000 0.00000
-0.00050 0.00000 -0.00050 -0.00050
0.00000 0.00000 0.00000 0.00000
