# avg	std	min	max
-0.00454 0.00000 -0.00454 -0.00454
-0.00774 0.00000 -0.00774 -0.00774
0.00134 0.00000 0.00134 0.00134
-0.00868 0.00000 -0.00868 -0.00868
0.00142 0.00000 0.00142 0.00142
-0.00246 0.00000 -0.00246 -0.00246
0.00650 0.00000 0.00650 0.00650
-0.00216 0.00000 -0.00216 -0.00216
-0.00980 0.00000 -0.00980 -0.00980
0.00000 0.00000 0.00000 0.00000
-0.00034 0.00000 -0.00034 -0.00034
-0.00020 0.00000 -0.00020 -0.00020
0.00526 0.00000 0.00526 0.00526
0.00010 0.00000 0.00010 0.00010
-0.00012 0.00000 -0.00012 -0.00012
-0.02014 0.00000 -0.02014 -0.02014
-0.01344 0.00000 -0.01344 -0.01344
-0.00386 0.00000 -0.00386 -0.00386
-0.00020 0.00000 -0.00020 -0.00020
-0.00224 0.00000 -0.00224 -0.00224
