# avg	std	min	max
-0.01570 0.00000 -0.01570 -0.01570
0.08830 0.00000 0.08830 0.08830
0.29390 0.00000 0.29390 0.29390
0.15524 0.00000 0.15524 0.15524
0.15450 0.00000 0.15450 0.15450
0.04020 0.00000 0.04020 0.04020
0.05640 0.00000 0.05640 0.05640
0.05892 0.00000 0.05892 0.05892
-0.04406 0.00000 -0.04406 -0.04406
0.00000 0.00000 0.00000 0.00000
0.47528 0.00000 0.47528 0.47528
0.02940 0.00000 0.02940 0.02940
0.06064 0.00000 0.06064 0.06064
0.04036 0.00000 0.04036 0.04036
0.03958 0.00000 0.03958 0.03958
-0.09348 0.00000 -0.09348 -0.09348
-0.10144 0.00000 -0.10144 -0.10144
0.06042 0.00000 0.06042 0.06042
0.07414 0.00000 0.07414 0.07414
0.04744 0.00000 0.04744 0.04744
