# avg	std	min	max
0.54280 0.00000 0.54280 0.54280
0.05002 0.00000 0.05002 0.05002
-0.28708 0.00000 -0.28708 -0.28708
-0.17370 0.00000 -0.17370 -0.17370
-0.15306 0.00000 -0.15306 -0.15306
-0.03860 0.00000 -0.03860 -0.03860
-0.40726 0.00000 -0.40726 -0.40726
0.09056 0.00000 0.09056 0.09056
-0.03536 0.00000 -0.03536 -0.03536
-0.00004 0.00000 -0.00004 -0.00004
-0.14580 0.00000 -0.14580 -0.14580
-0.06906 0.00000 -0.06906 -0.06906
-0.04984 0.00000 -0.04984 -0.04984
-0.06276 0.00000 -0.06276 -0.06276
-0.11056 0.00000 -0.11056 -0.11056
0.59958 0.00000 0.59958 0.59958
0.14380 0.00000 0.14380 0.14380
-0.47596 0.00000 -0.47596 -0.47596
-0.53022 0.00000 -0.53022 -0.53022
0.01610 0.00000 0.01610 0.01610
