# avg	std	min	max
0.04170 0.00000 0.04170 0.04170
-0.01360 0.00000 -0.01360 -0.01360
-0.00928 0.00000 -0.00928 -0.00928
-0.14180 0.00000 -0.14180 -0.14180
-0.07394 0.00000 -0.07394 -0.07394
-0.07362 0.00000 -0.07362 -0.07362
-0.04458 0.00000 -0.04458 -0.04458
0.12926 0.00000 0.12926 0.12926
-0.00410 0.00000 -0.00410 -0.00410
-0.01394 0.00000 -0.01394 -0.01394
0.00000 0.00000 0.00000 0.00000
-0.00142 0.00000 -0.00142 -0.00142
-0.03336 0.00000 -0.03336 -0.03336
0.04026 0.00000 0.04026 0.04026
-0.04740 0.00000 -0.04740 -0.04740
0.37940 0.00000 0.37940 0.37940
-0.03374 0.00000 -0.03374 -0.03374
-0.05690 0.00000 -0.05690 -0.05690
-0.08424 0.00000 -0.08424 -0.08424
-0.00388 0.00000 -0.00388 -0.00388
