# avg	std	min	max
0.00000 0.00000 0.00000 0.00000
0.00000 0.00000 0.00000 0.00000
0.00000 0.00000 0.00000 0.00000
0.00190 0.00000 0.00190 0.00190
0.00000 0.00000 0.00000 0.00000
0.00000 0.00000 0.00000 0.00000
0.00000 0.00000 0.00000 0.00000
0.00000 0.00000 0.00000 0.00000
0.00000 0.00000 0.00000 0.00000
0.00000 0.00000 0.00000 0.00000
0.00000 0.00000 0.00000 0.00000
0.00000 0.00000 0.00000 0.00000
0.00000 0.00000 0.00000 0.00000
0.00000 0.00000 0.00000 0.00000
-0.00120 0.00000 -0.00120 -0.00120
-0.00508 0.00000 -0.00508 -0.00508
-0.00998 0.00000 -0.00998 -0.00998
0.00624 0.00000 0.00624 0.00624
0.00422 0.00000 0.00422 0.00422
0.00354 0.00000 0.00354 0.00354
