# avg	std	min	max
0.00436 0.00000 0.00436 0.00436
0.00160 0.00000 0.00160 0.00160
0.00260 0.00000 0.00260 0.00260
-0.01158 0.00000 -0.01158 -0.01158
0.00150 0.00000 0.00150 0.00150
0.04306 0.00000 0.04306 0.04306
0.00412 0.00000 0.00412 0.00412
0.02484 0.00000 0.02484 0.02484
0.00000 0.00000 0.00000 0.00000
0.00100 0.00000 0.00100 0.00100
0.00000 0.00000 0.00000 0.00000
0.00060 0.00000 0.00060 0.00060
0.01490 0.00000 0.01490 0.01490
-0.00740 0.00000 -0.00740 -0.00740
0.00376 0.00000 0.00376 0.00376
0.04594 0.00000 0.04594 0.04594
0.01490 0.00000 0.01490 0.01490
-0.01340 0.00000 -0.01340 -0.01340
-0.00748 0.00000 -0.00748 -0.00748
-0.00430 0.00000 -0.00430 -0.00430
