# avg	std	min	max
-0.00494 0.00000 -0.00494 -0.00494
-0.00854 0.00000 -0.00854 -0.00854
0.00014 0.00000 0.00014 0.00014
-0.00184 0.00000 -0.00184 -0.00184
0.00054 0.00000 0.00054 0.00054
-0.00330 0.00000 -0.00330 -0.00330
-0.00434 0.00000 -0.00434 -0.00434
-0.00710 0.00000 -0.00710 -0.00710
-0.00872 0.00000 -0.00872 -0.00872
-0.00364 0.00000 -0.00364 -0.00364
0.00004 0.00000 0.00004 0.00004
-0.00132 0.00000 -0.00132 -0.00132
-0.00356 0.00000 -0.00356 -0.00356
0.00278 0.00000 0.00278 0.00278
0.00492 0.00000 0.00492 0.00492
0.01938 0.00000 0.01938 0.01938
-0.00194 0.00000 -0.00194 -0.00194
-0.00656 0.00000 -0.00656 -0.00656
-0.02282 0.00000 -0.02282 -0.02282
0.00090 0.00000 0.00090 0.00090
