# avg	std	min	max
-0.00500 0.00000 -0.00500 -0.00500
-0.00520 0.00000 -0.00520 -0.00520
0.00000 0.00000 0.00000 0.00000
-0.00510 0.00000 -0.00510 -0.00510
-0.00508 0.00000 -0.00508 -0.00508
-0.00106 0.00000 -0.00106 -0.00106
-0.00510 0.00000 -0.00510 -0.00510
-0.00404 0.00000 -0.00404 -0.00404
-0.00500 0.00000 -0.00500 -0.00500
-0.00510 0.00000 -0.00510 -0.00510
-0.00532 0.00000 -0.00532 -0.00532
-0.00510 0.00000 -0.00510 -0.00510
-0.00510 0.00000 -0.00510 -0.00510
-0.00510 0.00000 -0.00510 -0.00510
-0.00510 0.00000 -0.00510 -0.00510
0.03332 0.00000 0.03332 0.03332
0.00436 0.00000 0.00436 0.00436
-0.00510 0.00000 -0.00510 -0.00510
0.00398 0.00000 0.00398 0.00398
-0.00240 0.00000 -0.00240 -0.00240
