# avg	std	min	max
2.21510 0.00000 2.21510 2.21510
2.23464 0.00000 2.23464 2.23464
2.20786 0.00000 2.20786 2.20786
2.21152 0.00000 2.21152 2.21152
2.11180 0.00000 2.11180 2.11180
1.89152 0.00000 1.89152 1.89152
1.82834 0.00000 1.82834 1.82834
2.13374 0.00000 2.13374 2.13374
2.20536 0.00000 2.20536 2.20536
2.16606 0.00000 2.16606 2.16606
2.09190 0.00000 2.09190 2.09190
2.11394 0.00000 2.11394 2.11394
0.00122 0.00000 0.00122 0.00122
2.22220 0.00000 2.22220 2.22220
2.14652 0.00000 2.14652 2.14652
2.26526 0.00000 2.26526 2.26526
2.34522 0.00000 2.34522 2.34522
1.95200 0.00000 1.95200 1.95200
1.82594 0.00000 1.82594 1.82594
1.62784 0.00000 1.62784 1.62784
