# avg	std	min	max
1.93292 0.00000 1.93292 1.93292
1.30656 0.00000 1.30656 1.30656
0.46800 0.00000 0.46800 0.46800
0.64780 0.00000 0.64780 0.64780
0.77996 0.00000 0.77996 0.77996
0.60960 0.00000 0.60960 0.60960
-0.35908 0.00000 -0.35908 -0.35908
-0.55980 0.00000 -0.55980 -0.55980
0.89002 0.00000 0.89002 0.89002
1.90892 0.00000 1.90892 1.90892
0.95500 0.00000 0.95500 0.95500
1.25028 0.00000 1.25028 1.25028
-0.00146 0.00000 -0.00146 -0.00146
0.70678 0.00000 0.70678 0.70678
1.10982 0.00000 1.10982 1.10982
1.57200 0.00000 1.57200 1.57200
1.58696 0.00000 1.58696 1.58696
1.54784 0.00000 1.54784 1.54784
0.76506 0.00000 0.76506 0.76506
1.52164 0.00000 1.52164 1.52164
