# avg	std	min	max
0.00590 0.00000 0.00590 0.00590
0.00000 0.00000 0.00000 0.00000
-0.10440 0.00001 -0.10441 -0.10439
-0.04102 0.00936 -0.05861 -0.03041
-0.08074 0.02147 -0.10755 -0.05376
0.04232 0.10112 -0.05298 0.17483
-0.03569 0.01140 -0.05685 -0.02393
0.41156 0.87862 -0.21091 2.15748
0.12940 0.01522 0.10741 0.14170
-0.02769 0.00031 -0.02800 -0.02727
-0.07601 0.02098 -0.11623 -0.05915
-0.02585 0.00040 -0.02663 -0.02553
0.98037 0.63558 0.44750 2.21000
0.07431 0.26243 -0.12172 0.59470
-0.03280 0.01363 -0.04376 -0.00643
0.28242 0.01265 0.26641 0.29750
0.71913 0.12833 0.64699 0.97563
0.00758 0.25105 -0.24892 0.32288
-0.24263 0.02523 -0.27699 -0.20295
-0.05101 0.01564 -0.06899 -0.02687
