# avg	std	min	max
0.02297 0.00599 0.01802 0.03182
-0.24152 0.00721 -0.25039 -0.22978
-0.18846 0.38479 -0.40263 0.58039
-0.26112 0.01447 -0.27836 -0.24396
-0.19345 0.38906 -0.41244 0.58419
-0.34896 0.00913 -0.36359 -0.33595
-0.23901 0.00699 -0.24667 -0.22758
-0.30175 0.00478 -0.30579 -0.29521
-0.29645 0.00463 -0.30238 -0.29085
-0.26457 0.00487 -0.26890 -0.25802
0.07193 0.56572 -0.40937 0.87041
-0.27718 0.00521 -0.28190 -0.27071
-0.24254 0.00330 -0.24516 -0.23605
-0.29762 0.07663 -0.44673 -0.23827
-0.22998 0.07511 -0.27681 -0.08039
-0.00126 0.00193 -0.00375 0.00034
-0.04259 0.01628 -0.06762 -0.02383
-0.38795 0.01970 -0.40931 -0.36003
-0.48056 0.06572 -0.57438 -0.42085
-0.25840 0.00805 -0.26863 -0.24897
