# avg	std	min	max
-0.09117 0.00000 -0.09117 -0.09117
-0.09117 0.00000 -0.09117 -0.09117
-0.09124 0.00027 -0.09178 -0.09102
-0.09071 0.00124 -0.09177 -0.08828
-0.09115 0.00001 -0.09117 -0.09114
-0.09117 0.00002 -0.09120 -0.09115
-0.09191 0.00151 -0.09492 -0.09111
-0.09117 0.00000 -0.09117 -0.09117
-0.09192 0.00139 -0.09415 -0.09082
-0.09117 0.00000 -0.09117 -0.09117
-0.08971 0.00292 -0.09117 -0.08386
-0.09117 0.00002 -0.09119 -0.09113
-0.08995 0.00238 -0.09117 -0.08520
-0.09116 0.00002 -0.09117 -0.09112
-0.09116 0.00002 -0.09117 -0.09113
0.04063 0.01696 0.01965 0.05478
0.00112 0.00036 0.00041 0.00130
-0.10370 0.00010 -0.10381 -0.10352
-0.11053 0.00480 -0.11422 -0.10102
-0.08980 0.00274 -0.09117 -0.08433
