# avg	std	min	max
0.05754 0.00250 0.05260 0.05922
0.05871 0.00318 0.05266 0.06114
-0.00913 0.00011 -0.00923 -0.00892
-0.01055 0.00197 -0.01407 -0.00908
-0.00990 0.00103 -0.01192 -0.00909
-0.00609 0.00370 -0.00913 -0.00142
0.00144 0.03713 -0.04479 0.05691
-0.18532 0.16400 -0.41380 0.01915
0.02832 0.03168 -0.00942 0.06118
0.06001 0.00191 0.05698 0.06165
0.01449 0.02957 -0.00947 0.05780
0.00121 0.02107 -0.00941 0.04334
0.08399 0.10059 -0.00149 0.27906
-0.02787 0.00643 -0.04069 -0.02384
-0.01013 0.00173 -0.01358 -0.00919
0.02995 0.00819 0.01824 0.03686
-0.00068 0.00220 -0.00321 0.00286
-0.05659 0.00381 -0.06174 -0.05239
-0.00980 0.00333 -0.01268 -0.00554
-0.01178 0.00321 -0.01758 -0.00822
