# avg	std	min	max
0.00282 0.00000 0.00282 0.00283
0.00282 0.00000 0.00282 0.00282
0.00319 0.00042 0.00235 0.00343
0.00226 0.00000 0.00226 0.00226
0.00318 0.00045 0.00228 0.00343
0.00226 0.00002 0.00224 0.00229
0.00214 0.00100 0.00019 0.00282
0.00227 0.00002 0.00226 0.00230
0.00107 0.00349 -0.00561 0.00343
0.00341 0.00002 0.00339 0.00344
0.00339 0.00000 0.00339 0.00340
0.00341 0.00002 0.00339 0.00343
0.00271 0.00056 0.00226 0.00340
0.00341 0.00002 0.00339 0.00344
0.00228 0.00002 0.00226 0.00231
0.00202 0.00269 0.00000 0.00676
-0.00000 0.00001 -0.00003 0.00001
0.00077 0.00300 -0.00522 0.00229
-0.01034 0.01030 -0.01901 0.00228
0.00226 0.00000 0.00226 0.00226
