# avg	std	min	max
-0.01485 0.09789 -0.12187 0.14624
-0.04145 0.00557 -0.05254 -0.03769
-0.00497 0.02333 -0.03197 0.03400
0.02364 0.01889 -0.01165 0.04125
0.00194 0.04267 -0.05434 0.05801
-0.04401 0.05442 -0.13275 0.03339
-0.00043 0.00041 -0.00106 -0.00006
-0.10216 0.02561 -0.12842 -0.06723
-0.05673 0.00691 -0.06265 -0.04378
-0.04163 0.00688 -0.04815 -0.03293
-0.03207 0.04687 -0.07003 0.05441
-0.02308 0.00267 -0.02838 -0.02118
-0.00343 0.00294 -0.00927 -0.00135
0.04913 0.01508 0.03540 0.06964
0.01222 0.00488 0.00321 0.01792
0.04523 0.02275 0.03065 0.08966
0.03359 0.04328 -0.00891 0.11619
0.00540 0.01394 -0.01364 0.02864
0.03690 0.03177 0.00101 0.09358
0.01371 0.00458 0.00457 0.01640
