# avg	std	min	max
1.56588 0.01871 1.53122 1.57987
0.92283 0.01029 0.91613 0.94331
0.30626 0.01815 0.27001 0.31651
-0.17611 0.01941 -0.20648 -0.15160
-0.00181 0.00465 -0.01111 0.00052
-0.35445 0.02813 -0.37622 -0.30174
0.66286 0.01592 0.63291 0.68055
0.46594 0.17436 0.17672 0.72401
-0.22541 0.01650 -0.24757 -0.20363
1.62372 0.00093 1.62224 1.62485
0.97087 0.00078 0.96942 0.97153
0.84227 0.00301 0.83651 0.84483
0.70113 0.01852 0.67859 0.72451
1.42874 0.01789 1.40624 1.45140
0.79318 0.01125 0.78446 0.81496
2.28535 0.07808 2.19268 2.41600
1.06193 0.03881 1.01014 1.12171
0.21711 0.15061 0.02820 0.38421
0.53830 0.05522 0.47011 0.61476
0.38083 0.02384 0.36014 0.41120
