# avg	std	min	max
-0.30922 0.00878 -0.32193 -0.29671
-0.24944 0.12849 -0.32945 0.00496
-0.26875 0.01152 -0.27523 -0.24574
0.07886 0.12380 -0.04062 0.23032
0.00000 0.00000 0.00000 0.00000
-0.00257 0.13234 -0.24627 0.10847
-0.03894 0.49122 -0.36382 0.93252
0.12982 0.18769 -0.05467 0.37833
-0.05665 0.01811 -0.07766 -0.02737
-0.66013 0.01729 -0.67794 -0.62698
-0.68390 0.00971 -0.70276 -0.67762
-0.25781 0.00710 -0.26141 -0.24361
-0.22470 0.12209 -0.32427 0.01337
-0.20843 0.05337 -0.28790 -0.13590
-0.07622 0.29940 -0.36801 0.46043
0.07489 0.03121 0.01830 0.11192
0.11765 0.05633 0.04204 0.20206
-0.22038 0.16926 -0.43793 0.00200
-0.34726 0.11970 -0.51531 -0.16369
0.22951 0.13486 0.08671 0.46934
