# avg	std	min	max
0.33721 0.02132 0.29796 0.35723
0.29880 0.05076 0.22781 0.35935
0.18203 0.02501 0.16331 0.22630
-0.09833 0.02854 -0.14329 -0.07344
-0.01693 0.03344 -0.08374 0.00241
0.23374 0.12075 0.01278 0.35022
4.24049 1.91426 0.41582 5.32285
4.78539 2.42813 -0.05297 6.14719
0.30227 0.08225 0.14876 0.36386
0.37930 0.05014 0.28251 0.41780
0.17396 0.03195 0.13077 0.21383
0.19284 0.04930 0.12861 0.24575
8.13428 0.52862 7.09556 8.56977
0.32827 0.05081 0.26070 0.38539
1.55571 0.08709 1.42733 1.69174
0.55415 0.03946 0.49873 0.59897
0.74365 0.29625 0.48863 1.32011
2.59412 1.44931 1.26937 5.32819
1.95762 0.63512 1.24201 2.81339
0.91897 1.03965 0.32330 2.99448
