# avg	std	min	max
0.01294 0.00657 0.00009 0.01830
0.01263 0.00636 0.00009 0.01761
0.01585 0.00147 0.01460 0.01870
0.01629 0.00109 0.01500 0.01773
0.01386 0.00700 0.00009 0.01903
0.01234 0.00618 0.00009 0.01678
0.01695 0.00067 0.01602 0.01793
0.01230 0.00614 0.00009 0.01598
-0.02470 0.02216 -0.04332 0.01719
0.01291 0.00641 0.00009 0.01644
0.01565 0.00161 0.01391 0.01779
0.01432 0.00712 0.00009 0.01854
0.01216 0.00610 0.00009 0.01657
0.01412 0.00706 0.00009 0.01896
0.01001 0.00818 0.00009 0.01870
0.01279 0.00644 0.00000 0.01707
0.01650 0.00143 0.01418 0.01822
0.00320 0.00631 -0.00152 0.01564
-0.02192 0.00190 -0.02369 -0.01832
0.01350 0.00683 0.00009 0.01802
