# avg	std	min	max
-0.06287 0.05157 -0.16131 -0.01310
-0.08320 0.01976 -0.10890 -0.05816
-0.13965 0.02364 -0.17993 -0.11882
0.00006 0.00012 0.00000 0.00031
-0.13868 0.06121 -0.24162 -0.07381
0.00221 0.04551 -0.08547 0.03597
-0.01281 0.15832 -0.13201 0.29579
0.10772 0.11801 -0.04090 0.31290
-0.07271 0.01792 -0.10292 -0.04745
-0.09496 0.03357 -0.14131 -0.04384
-0.15936 0.02968 -0.21499 -0.12902
-0.09775 0.03599 -0.15576 -0.05681
0.02301 0.13444 -0.13384 0.20847
-0.11183 0.02583 -0.16347 -0.09776
0.01449 0.01434 -0.00571 0.03052
-0.14270 0.04256 -0.17617 -0.06738
0.03920 0.00573 0.03590 0.05065
-0.09381 0.07294 -0.21918 -0.00367
-0.20264 0.10514 -0.31666 -0.00576
0.11032 0.14851 -0.11841 0.32382
