# avg	std	min	max
0.00000 0.00000 0.00000 0.00000
0.00000 0.00000 0.00000 0.00000
0.00000 0.00000 0.00000 0.00000
0.00000 0.00000 0.00000 0.00000
0.00000 0.00000 0.00000 0.00000
0.00004 0.00008 0.00000 0.00019
0.00000 0.00000 0.00000 0.00000
0.00000 0.00000 0.00000 0.00000
-0.00021 0.00080 -0.00171 0.00068
0.00000 0.00000 0.00000 0.00000
0.00000 0.00000 0.00000 0.00000
0.00000 0.00000 0.00000 0.00000
0.00000 0.00000 0.00000 0.00000
-0.00035 0.00070 -0.00176 0.00000
0.00000 0.00000 0.00000 0.00000
0.01108 0.00008 0.01103 0.01123
0.01402 0.00036 0.01360 0.01464
0.00000 0.00000 0.00000 0.00000
0.00034 0.00068 0.00000 0.00169
0.00000 0.00000 0.00000 0.00000
