# avg	std	min	max
0.01073 0.03615 -0.02642 0.08008
-0.00335 0.00670 -0.01674 0.00000
-0.00477 0.00608 -0.01461 0.00000
0.00000 0.00000 0.00000 0.00000
0.00000 0.00000 0.00000 0.00000
-0.00120 0.01788 -0.01995 0.03054
-0.02514 0.00727 -0.02914 -0.01063
0.14805 0.08320 0.02330 0.24083
0.00000 0.00000 0.00000 0.00000
-0.00315 0.00630 -0.01576 0.00000
-0.00310 0.00620 -0.01550 0.00000
-0.00610 0.01268 -0.01585 0.01621
0.01529 0.01726 -0.00794 0.04535
-0.00048 0.00096 -0.00239 0.00000
-0.00574 0.00853 -0.01038 0.01131
-0.00399 0.00001 -0.00400 -0.00398
0.00648 0.00005 0.00641 0.00655
0.00623 0.00959 -0.00948 0.02080
0.00484 0.01773 -0.01238 0.03814
0.02038 0.04333 -0.03034 0.09588
