# avg	std	min	max
0.04274 0.00945 0.02389 0.04868
0.03091 0.01177 0.01611 0.04141
0.03001 0.00948 0.01108 0.03539
0.00003 0.00001 0.00003 0.00005
0.00466 0.04030 -0.06386 0.04328
0.02761 0.01598 -0.00270 0.04461
0.04243 0.03099 0.00047 0.09655
0.05734 0.02761 0.01355 0.09678
0.02195 0.00119 0.02082 0.02380
0.02861 0.01137 0.01457 0.03800
0.01924 0.01692 0.00067 0.04548
0.02839 0.01505 0.00368 0.04085
0.04118 0.02398 0.01824 0.08092
0.03129 0.01040 0.01747 0.04154
0.02709 0.01526 0.00291 0.04243
0.30577 0.01175 0.28696 0.32327
0.24122 0.02267 0.21885 0.27128
0.01682 0.01949 -0.00439 0.04353
-0.06569 0.05214 -0.14508 0.01788
0.03006 0.00946 0.01444 0.03772
