# avg	std	min	max
-0.00440 0.00359 -0.00733 0.00000
-0.00293 0.00359 -0.00733 0.00000
-0.00130 0.00522 -0.00720 0.00733
0.00440 0.00359 0.00000 0.00733
-0.00586 0.00293 -0.00733 0.00000
-0.00293 0.00359 -0.00733 0.00000
-0.00796 0.00857 -0.02476 -0.00167
-0.00469 0.00242 -0.00641 0.00012
-0.00440 0.00359 -0.00733 0.00000
-0.00440 0.00359 -0.00733 0.00001
-0.00441 0.00360 -0.00741 0.00000
-0.00293 0.00359 -0.00733 0.00000
-0.01043 0.00858 -0.02749 -0.00521
0.00147 0.00293 0.00000 0.00733
-0.00293 0.00359 -0.00733 0.00000
0.23809 0.01448 0.22800 0.26659
0.23160 0.00351 0.22825 0.23589
-0.09280 0.00239 -0.09568 -0.08965
-0.14897 0.01763 -0.16590 -0.11627
-0.00360 0.01114 -0.02211 0.01081
