# avg	std	min	max
-0.00477 0.00116 -0.00659 -0.00296
-0.00526 0.00109 -0.00659 -0.00422
-0.00277 0.00031 -0.00299 -0.00217
0.00127 0.00155 -0.00134 0.00303
-0.00234 0.00026 -0.00268 -0.00211
-0.00332 0.00870 -0.01513 0.01177
-0.00596 0.00195 -0.00894 -0.00345
-0.00447 0.00134 -0.00659 -0.00276
-0.00608 0.00388 -0.01013 0.00000
-0.00339 0.00294 -0.00659 0.00000
-0.00273 0.00087 -0.00332 -0.00099
-0.00475 0.00007 -0.00488 -0.00469
-0.00657 0.00442 -0.01513 -0.00326
-0.00319 0.00305 -0.00659 0.00043
-0.00613 0.00083 -0.00659 -0.00448
-0.00627 0.00167 -0.00832 -0.00477
-0.00363 0.00623 -0.00854 0.00839
-0.00488 0.00192 -0.00869 -0.00369
-0.00706 0.00094 -0.00894 -0.00658
0.00294 0.00561 -0.00518 0.00817
