# avg	std	min	max
-0.02299 0.00181 -0.02632 -0.02154
-0.08146 0.08860 -0.19332 0.00017
-0.00146 0.00300 -0.00442 0.00275
0.01147 0.05939 -0.03835 0.12042
-0.00429 0.01433 -0.03294 0.00324
-0.10542 0.01447 -0.11870 -0.08059
-0.07818 0.01297 -0.09808 -0.05982
-0.29161 0.09212 -0.41486 -0.19619
0.21906 0.12199 -0.02105 0.32063
-0.02092 0.00311 -0.02415 -0.01662
-0.00662 0.00287 -0.00957 -0.00264
-0.01201 0.00680 -0.01854 0.00012
-0.08696 0.00923 -0.09450 -0.06933
-0.00016 0.00019 -0.00048 0.00012
-0.05645 0.06352 -0.14162 0.00168
0.02987 0.00539 0.02581 0.04041
0.02179 0.06969 -0.11747 0.06016
-0.09018 0.06520 -0.20384 -0.03424
-0.14666 0.08719 -0.25290 -0.05362
-0.00294 0.00081 -0.00403 -0.00183
