# avg	std	min	max
0.37190 0.00052 0.37124 0.37234
-0.01320 0.00004 -0.01324 -0.01314
-0.01531 0.00009 -0.01547 -0.01519
-0.01447 0.00001 -0.01448 -0.01445
-0.01419 0.00145 -0.01548 -0.01195
-0.01449 0.00002 -0.01452 -0.01447
-0.01455 0.00016 -0.01487 -0.01445
-0.01448 0.00002 -0.01452 -0.01445
0.00002 0.00003 -0.00001 0.00006
-0.01450 0.00003 -0.01453 -0.01445
-0.01537 0.00011 -0.01558 -0.01529
-0.01471 0.00023 -0.01498 -0.01439
-0.01541 0.00136 -0.01810 -0.01448
-0.01445 0.00004 -0.01450 -0.01440
-0.01450 0.00031 -0.01504 -0.01409
0.11223 0.00250 0.11000 0.11564
0.11566 0.00524 0.10883 0.12307
-0.03740 0.00254 -0.04131 -0.03356
-0.08875 0.01861 -0.12293 -0.06610
-0.01448 0.00004 -0.01455 -0.01441
