# avg	std	min	max
-0.00726 0.00006 -0.00737 -0.00723
-0.00218 0.00006 -0.00229 -0.00215
-0.00563 0.00060 -0.00628 -0.00450
0.00066 0.00098 -0.00054 0.00174
-0.00208 0.00033 -0.00266 -0.00183
-0.00345 0.00063 -0.00463 -0.00290
-0.00711 0.00042 -0.00792 -0.00682
-0.00372 0.00043 -0.00423 -0.00321
0.02453 0.00067 0.02374 0.02530
-0.00497 0.00260 -0.00661 0.00022
-0.01521 0.01696 -0.04908 -0.00499
-0.00954 0.01715 -0.04383 -0.00088
0.00155 0.01702 -0.00703 0.03560
0.00666 0.01886 -0.00391 0.04426
0.00004 0.00016 -0.00010 0.00035
0.23950 0.01482 0.22770 0.26394
0.34059 0.03886 0.30649 0.39130
-0.07599 0.02038 -0.10250 -0.05839
-0.18730 0.05075 -0.25325 -0.13453
-0.00117 0.00133 -0.00380 -0.00027
