# avg	std	min	max
0.00000 0.00000 0.00000 0.00000
0.00000 0.00000 0.00000 0.00000
0.00000 0.00000 0.00000 0.00000
0.00000 0.00000 0.00000 0.00000
0.00000 0.00000 0.00000 0.00000
0.00000 0.00000 0.00000 0.00000
0.00020 0.00040 0.00000 0.00099
0.00000 0.00000 0.00000 0.00000
0.00000 0.00000 0.00000 0.00000
0.00000 0.00000 0.00000 0.00000
0.00000 0.00000 0.00000 0.00000
0.00000 0.00000 0.00000 0.00000
0.00020 0.00040 0.00000 0.00099
0.00000 0.00000 0.00000 0.00000
0.00000 0.00000 0.00000 0.00000
0.01401 0.00015 0.01384 0.01427
0.01334 0.00021 0.01293 0.01353
-0.00155 0.00189 -0.00387 0.00000
-0.00583 0.00137 -0.00663 -0.00309
0.00000 0.00000 0.00000 0.00000
