# avg	std	min	max
-0.05035 0.04970 -0.10174 0.04025
-0.06155 0.02456 -0.09116 -0.01764
-0.01456 0.03530 -0.05596 0.02430
-0.03084 0.02592 -0.05820 0.01544
-0.00535 0.02358 -0.03880 0.02477
-0.00490 0.04887 -0.08223 0.07159
-0.01328 0.02956 -0.06234 0.00971
0.00865 0.02505 -0.03560 0.04223
0.01217 0.03104 -0.02890 0.04221
-0.02820 0.04015 -0.07066 0.04116
-0.04535 0.01249 -0.05565 -0.02104
-0.02941 0.02222 -0.04891 0.00918
-0.04688 0.02585 -0.06465 0.00430
-0.06940 0.02954 -0.10834 -0.03509
0.00000 0.00000 0.00000 0.00000
-0.00833 0.02560 -0.05208 0.02650
-0.04812 0.03046 -0.07403 -0.00163
-0.01412 0.02309 -0.04089 0.01777
-0.03036 0.03275 -0.05816 0.01755
-0.01212 0.05432 -0.06342 0.09132
