# avg	std	min	max
-0.03231 0.00004 -0.03236 -0.03228
-0.00710 0.00002 -0.00711 -0.00706
0.05007 0.01485 0.03743 0.07180
0.05777 0.00090 0.05701 0.05907
0.04100 0.00947 0.03523 0.05990
0.03535 0.00083 0.03369 0.03583
0.06902 0.03439 0.04102 0.12575
0.05108 0.01313 0.03890 0.07580
0.00916 0.00602 -0.00239 0.01424
-0.00003 0.00003 -0.00008 0.00000
0.04411 0.01322 0.02643 0.06013
-0.00621 0.00004 -0.00626 -0.00617
0.03637 0.00001 0.03635 0.03639
0.02937 0.00404 0.02703 0.03738
0.05308 0.00260 0.04794 0.05479
0.38112 0.00054 0.38049 0.38193
0.58444 0.02132 0.54525 0.60259
0.02070 0.00255 0.01811 0.02463
-0.08319 0.02957 -0.13352 -0.05189
0.03675 0.00349 0.03052 0.04124
