# avg	std	min	max
-0.01418 0.00008 -0.01429 -0.01406
0.00000 0.00000 0.00000 0.00000
-0.00568 0.00034 -0.00617 -0.00530
0.00176 0.00129 -0.00081 0.00242
-0.00123 0.00548 -0.00579 0.00550
-0.00001 0.00002 -0.00004 0.00000
0.00000 0.00000 0.00000 0.00000
0.00179 0.00422 -0.00665 0.00393
0.01069 0.00001 0.01067 0.01071
0.00000 0.00000 0.00000 0.00000
-0.00109 0.00557 -0.00604 0.00572
0.00000 0.00000 0.00000 0.00000
0.00054 0.00066 0.00000 0.00135
0.00064 0.00078 0.00000 0.00160
0.00029 0.00059 0.00000 0.00147
0.01921 0.00744 0.00965 0.02530
-0.00349 0.00061 -0.00471 -0.00310
0.00002 0.00003 0.00000 0.00008
0.00083 0.00069 0.00000 0.00155
0.00000 0.00000 0.00000 0.00000
