# avg	std	min	max
-0.21131 0.00000 -0.21131 -0.21131
-0.24400 0.00000 -0.24400 -0.24400
-0.04231 0.00012 -0.04248 -0.04215
-0.09155 0.01420 -0.10361 -0.06879
-0.53266 0.00961 -0.54452 -0.52456
-0.55308 0.06459 -0.61201 -0.44461
-0.02053 0.09397 -0.20541 0.04802
-0.06730 0.03839 -0.09494 0.00586
0.06941 0.09941 -0.12773 0.14354
0.00000 0.00000 0.00000 0.00000
0.20168 0.00016 0.20145 0.20187
-0.06799 0.00005 -0.06806 -0.06792
0.05414 0.00518 0.04695 0.06086
0.31289 0.00377 0.30915 0.31812
-0.22322 0.00451 -0.23221 -0.22053
0.18904 0.13850 0.07575 0.35988
0.14209 0.01152 0.12680 0.15875
-0.39958 0.06185 -0.47065 -0.31220
-0.35343 0.07080 -0.48505 -0.27279
0.19987 0.05503 0.13413 0.29373
