# avg	std	min	max
0.00175 0.00526 -0.00546 0.00813
0.00002 0.00000 0.00002 0.00002
0.00291 0.00500 0.00000 0.01283
0.00104 0.00058 -0.00013 0.00133
0.00154 0.00000 0.00154 0.00154
-0.00364 0.00547 -0.01450 -0.00013
-0.00008 0.00041 -0.00073 0.00057
-0.00292 0.00504 -0.01295 0.00022
0.03510 0.00895 0.02415 0.04429
0.00270 0.00366 -0.00072 0.00756
0.00000 0.00000 0.00000 0.00000
-0.00012 0.00000 -0.00012 -0.00012
-0.00013 0.00000 -0.00013 -0.00013
0.00075 0.00557 -0.00681 0.01056
-0.00012 0.00000 -0.00013 -0.00012
0.00434 0.00562 -0.00075 0.01145
-0.00051 0.00044 -0.00109 0.00000
-0.00012 0.00000 -0.00012 -0.00012
-0.00011 0.00000 -0.00011 -0.00011
-0.00194 0.00491 -0.01174 0.00088
