# avg	std	min	max
0.00440 0.00359 0.00000 0.00733
0.00040 0.00048 0.00000 0.00099
0.00000 0.00000 0.00000 0.00000
0.00000 0.00000 0.00000 0.00000
0.00000 0.00000 0.00000 0.00000
0.00000 0.00000 0.00000 0.00000
0.00443 0.00361 0.00000 0.00747
0.00000 0.00000 0.00000 0.00000
0.00042 0.00046 0.00000 0.00099
0.00147 0.00293 0.00000 0.00733
0.00000 0.00000 0.00000 0.00000
0.00293 0.00359 0.00000 0.00733
0.00156 0.00289 0.00000 0.00733
0.00146 0.00293 -0.00001 0.00733
0.00152 0.00290 0.00000 0.00733
0.04399 0.00288 0.04238 0.04974
0.04104 0.00107 0.03976 0.04301
-0.00149 0.00383 -0.00468 0.00334
-0.00360 0.00109 -0.00508 -0.00167
0.00000 0.00000 0.00000 0.00000
