# avg	std	min	max
0.00172 0.00018 0.00163 0.00208
0.00000 0.00000 0.00000 0.00000
0.00000 0.00000 0.00000 0.00000
0.00000 0.00000 0.00000 0.00000
-0.00010 0.00020 -0.00050 0.00000
-0.00009 0.00065 -0.00124 0.00075
0.01352 0.01409 -0.01464 0.02100
0.01137 0.02343 -0.01865 0.05283
-0.00005 0.00005 -0.00008 0.00004
0.00000 0.00000 0.00000 0.00000
0.00000 0.00000 0.00000 0.00000
0.00000 0.00000 0.00000 0.00000
0.07873 0.12654 0.00000 0.33130
0.00000 0.00000 0.00000 0.00000
0.00000 0.00000 0.00000 0.00000
0.24888 0.03315 0.22163 0.29038
0.18247 0.00131 0.18039 0.18430
-0.06377 0.02042 -0.09541 -0.04602
-0.20235 0.07302 -0.27909 -0.08941
0.42809 0.53495 -0.03776 1.25945
