# avg	std	min	max
-0.00668 0.00687 -0.01877 0.00000
-0.01052 0.00741 -0.01901 0.00000
-0.01425 0.00569 -0.01896 -0.00724
0.00000 0.00000 0.00000 0.00000
-0.00148 0.00297 -0.00742 0.00000
-0.01200 0.00558 -0.01892 -0.00728
0.00000 0.00000 0.00000 0.00000
0.00000 0.00000 0.00000 0.00000
-0.01420 0.00552 -0.01887 -0.00741
-0.00817 0.00604 -0.01882 0.00000
-0.01426 0.00563 -0.01896 -0.00725
-0.01281 0.00781 -0.01897 0.00000
0.00000 0.00000 0.00000 0.00000
-0.00005 0.00010 -0.00025 0.00000
-0.00440 0.00360 -0.00737 0.00000
-0.00209 0.00009 -0.00220 -0.00201
-0.00295 0.00362 -0.00752 0.00000
-0.00147 0.00295 -0.00737 0.00000
-0.00295 0.00361 -0.00742 0.00000
0.00000 0.00000 0.00000 0.00000
