# avg	std	min	max
-0.01794 0.00000 -0.01794 -0.01794
0.02017 0.00000 0.02017 0.02017
0.02056 0.00000 0.02056 0.02056
-0.00193 0.00387 -0.00967 0.00000
0.01390 0.00351 0.00725 0.01630
0.00000 0.00000 0.00000 0.00000
0.00000 0.00000 0.00000 0.00000
-0.00191 0.00382 -0.00955 0.00000
0.02059 0.00032 0.02008 0.02096
0.00000 0.00000 0.00000 0.00000
0.00633 0.00357 -0.00082 0.00815
0.00000 0.00000 0.00000 0.00000
0.00001 0.00002 0.00000 0.00005
0.00000 0.00000 0.00000 0.00000
0.00000 0.00000 0.00000 0.00000
-0.00190 0.00380 -0.00951 0.00000
0.00000 0.00000 0.00000 0.00000
0.00000 0.00000 0.00000 0.00000
-0.00114 0.00350 -0.00811 0.00093
0.00000 0.00000 0.00000 0.00000
