# avg	std	min	max
0.00000 0.00000 0.00000 0.00000
0.00000 0.00000 0.00000 0.00000
0.00000 0.00000 0.00000 0.00000
0.00000 0.00000 0.00000 0.00000
0.00000 0.00000 0.00000 0.00000
0.00000 0.00000 0.00000 0.00000
0.00000 0.00000 0.00000 0.00000
-0.00258 0.00000 -0.00258 -0.00258
0.00000 0.00000 0.00000 0.00000
0.00000 0.00000 0.00000 0.00000
0.00000 0.00000 0.00000 0.00000
0.00000 0.00000 0.00000 0.00000
-0.00005 0.00000 -0.00005 -0.00005
0.00000 0.00000 0.00000 0.00000
0.00000 0.00000 0.00000 0.00000
-0.00094 0.00000 -0.00094 -0.00094
-0.00092 0.00000 -0.00092 -0.00092
0.00035 0.00000 0.00035 0.00035
0.00155 0.00000 0.00155 0.00155
0.00000 0.00000 0.00000 0.00000
