# avg	std	min	max
0.00038 0.00000 0.00038 0.00038
0.00000 0.00000 0.00000 0.00000
-0.00143 0.00000 -0.00143 -0.00143
0.00013 0.00000 0.00013 0.00013
-0.00147 0.00000 -0.00147 -0.00147
0.00009 0.00000 0.00009 0.00009
0.00015 0.00000 0.00015 0.00015
0.00015 0.00000 0.00015 0.00015
-0.00118 0.00000 -0.00118 -0.00118
-0.00027 0.00000 -0.00027 -0.00027
-0.00022 0.00000 -0.00022 -0.00022
0.00015 0.00000 0.00015 0.00015
0.00014 0.00000 0.00014 0.00014
0.00006 0.00000 0.00006 0.00006
0.00007 0.00000 0.00007 0.00007
-0.17171 0.00000 -0.17171 -0.17171
-0.13242 0.00000 -0.13242 -0.13242
0.12521 0.00000 0.12521 0.12521
0.24470 0.00000 0.24470 0.24470
0.00015 0.00000 0.00015 0.00015
