# avg	std	min	max
0.72106 0.00000 0.72106 0.72106
0.45163 0.00000 0.45163 0.45163
1.12029 0.00000 1.12029 1.12029
1.05598 0.00000 1.05598 1.05598
-0.04563 0.00000 -0.04563 -0.04563
-0.72504 0.00000 -0.72504 -0.72504
15.48001 0.00000 15.48001 15.48001
5.77022 0.00000 5.77022 5.77022
0.62658 0.00000 0.62658 0.62658
0.59005 0.00000 0.59005 0.59005
1.07466 0.00000 1.07466 1.07466
-0.01698 0.00000 -0.01698 -0.01698
15.92516 0.00000 15.92516 15.92516
0.98084 0.00000 0.98084 0.98084
0.89777 0.00000 0.89777 0.89777
0.20828 0.00000 0.20828 0.20828
1.57563 0.00000 1.57563 1.57563
5.99784 0.00000 5.99784 5.99784
6.74271 0.00000 6.74271 6.74271
6.28409 0.00000 6.28409 6.28409
