# avg	std	min	max
-0.18890 0.00000 -0.18890 -0.18890
-0.17850 0.00000 -0.17850 -0.17850
-0.09394 0.00000 -0.09394 -0.09394
0.04139 0.00000 0.04139 0.04139
-0.01639 0.00000 -0.01639 -0.01639
-0.00023 0.00000 -0.00023 -0.00023
-0.14609 0.00000 -0.14609 -0.14609
0.01735 0.00000 0.01735 0.01735
-0.18836 0.00000 -0.18836 -0.18836
-0.13583 0.00000 -0.13583 -0.13583
-0.03694 0.00000 -0.03694 -0.03694
0.00279 0.00000 0.00279 0.00279
-0.12676 0.00000 -0.12676 -0.12676
0.10218 0.00000 0.10218 0.10218
0.00910 0.00000 0.00910 0.00910
-0.38910 0.00000 -0.38910 -0.38910
-0.20016 0.00000 -0.20016 -0.20016
0.06186 0.00000 0.06186 0.06186
0.01926 0.00000 0.01926 0.01926
0.14945 0.00000 0.14945 0.14945
