# avg	std	min	max
0.54926 0.00000 0.54926 0.54926
0.19280 0.00000 0.19280 0.19280
0.51774 0.00000 0.51774 0.51774
-0.52807 0.00000 -0.52807 -0.52807
0.17104 0.00000 0.17104 0.17104
0.04121 0.00000 0.04121 0.04121
0.14391 0.00000 0.14391 0.14391
0.38265 0.00000 0.38265 0.38265
0.42486 0.00000 0.42486 0.42486
0.37127 0.00000 0.37127 0.37127
0.22863 0.00000 0.22863 0.22863
0.00182 0.00000 0.00182 0.00182
0.59948 0.00000 0.59948 0.59948
0.56065 0.00000 0.56065 0.56065
1.07593 0.00000 1.07593 1.07593
0.28750 0.00000 0.28750 0.28750
0.35435 0.00000 0.35435 0.35435
2.05892 0.00000 2.05892 2.05892
1.21555 0.00000 1.21555 1.21555
1.37626 0.00000 1.37626 1.37626
