# avg	std	min	max
0.00495 0.00000 0.00495 0.00495
0.00192 0.00000 0.00192 0.00192
-0.00497 0.00000 -0.00497 -0.00497
-0.00692 0.00000 -0.00692 -0.00692
-0.02375 0.00000 -0.02375 -0.02375
-0.00338 0.00000 -0.00338 -0.00338
-0.01216 0.00000 -0.01216 -0.01216
-0.01495 0.00000 -0.01495 -0.01495
-0.00028 0.00000 -0.00028 -0.00028
0.00190 0.00000 0.00190 0.00190
0.00219 0.00000 0.00219 0.00219
-0.00002 0.00000 -0.00002 -0.00002
-0.02541 0.00000 -0.02541 -0.02541
-0.00647 0.00000 -0.00647 -0.00647
-0.00178 0.00000 -0.00178 -0.00178
-0.09634 0.00000 -0.09634 -0.09634
-0.06864 0.00000 -0.06864 -0.06864
0.04482 0.00000 0.04482 0.04482
0.11865 0.00000 0.11865 0.11865
-0.01112 0.00000 -0.01112 -0.01112
