# avg	std	min	max
0.13452 0.00000 0.13452 0.13452
0.12868 0.00000 0.12868 0.12868
0.13413 0.00000 0.13413 0.13413
0.13261 0.00000 0.13261 0.13261
0.13902 0.00000 0.13902 0.13902
0.15264 0.00000 0.15264 0.15264
0.14412 0.00000 0.14412 0.14412
0.14039 0.00000 0.14039 0.14039
0.13274 0.00000 0.13274 0.13274
0.13810 0.00000 0.13810 0.13810
0.13094 0.00000 0.13094 0.13094
0.13622 0.00000 0.13622 0.13622
0.15277 0.00000 0.15277 0.15277
0.13107 0.00000 0.13107 0.13107
0.14334 0.00000 0.14334 0.14334
-0.02418 0.00000 -0.02418 -0.02418
-0.00097 0.00000 -0.00097 -0.00097
0.17069 0.00000 0.17069 0.17069
0.21168 0.00000 0.21168 0.21168
0.14175 0.00000 0.14175 0.14175
