# avg	std	min	max
0.01778 0.00000 0.01778 0.01778
0.00890 0.00000 0.00890 0.00890
0.00080 0.00000 0.00080 0.00080
0.00045 0.00000 0.00045 0.00045
0.00049 0.00000 0.00049 0.00049
0.00034 0.00000 0.00034 0.00034
-0.00000 0.00000 -0.00000 -0.00000
0.00013 0.00000 0.00013 0.00013
0.01472 0.00000 0.01472 0.01472
0.00890 0.00000 0.00890 0.00890
0.00084 0.00000 0.00084 0.00084
0.00090 0.00000 0.00090 0.00090
0.00464 0.00000 0.00464 0.00464
0.00079 0.00000 0.00079 0.00079
0.00046 0.00000 0.00046 0.00046
-0.05674 0.00000 -0.05674 -0.05674
-0.08288 0.00000 -0.08288 -0.08288
0.03407 0.00000 0.03407 0.03407
0.05789 0.00000 0.05789 0.05789
0.00029 0.00000 0.00029 0.00029
