# avg	std	min	max
0.00000 0.00000 0.00000 0.00000
0.00376 0.00000 0.00376 0.00376
-0.00014 0.00000 -0.00014 -0.00014
-0.00340 0.00000 -0.00340 -0.00340
0.00354 0.00000 0.00354 0.00354
0.00099 0.00000 0.00099 0.00099
-0.00503 0.00000 -0.00503 -0.00503
-0.00176 0.00000 -0.00176 -0.00176
0.00792 0.00000 0.00792 0.00792
0.00395 0.00000 0.00395 0.00395
0.00211 0.00000 0.00211 0.00211
0.00051 0.00000 0.00051 0.00051
-0.00276 0.00000 -0.00276 -0.00276
0.00730 0.00000 0.00730 0.00730
-0.00448 0.00000 -0.00448 -0.00448
0.00421 0.00000 0.00421 0.00421
0.00342 0.00000 0.00342 0.00342
0.00313 0.00000 0.00313 0.00313
0.00753 0.00000 0.00753 0.00753
-0.00111 0.00000 -0.00111 -0.00111
