# avg	std	min	max
-0.00022 0.00000 -0.00022 -0.00022
-0.00035 0.00000 -0.00035 -0.00035
-0.00939 0.00000 -0.00939 -0.00939
-0.00054 0.00000 -0.00054 -0.00054
-0.01261 0.00000 -0.01261 -0.01261
-0.00017 0.00000 -0.00017 -0.00017
-0.00045 0.00000 -0.00045 -0.00045
-0.00434 0.00000 -0.00434 -0.00434
-0.00132 0.00000 -0.00132 -0.00132
-0.00113 0.00000 -0.00113 -0.00113
-0.00768 0.00000 -0.00768 -0.00768
-0.00054 0.00000 -0.00054 -0.00054
-0.00078 0.00000 -0.00078 -0.00078
-0.00091 0.00000 -0.00091 -0.00091
0.00044 0.00000 0.00044 0.00044
0.00252 0.00000 0.00252 0.00252
0.00168 0.00000 0.00168 0.00168
-0.00188 0.00000 -0.00188 -0.00188
-0.00507 0.00000 -0.00507 -0.00507
-0.00002 0.00000 -0.00002 -0.00002
