# avg	std	min	max
0.63147 0.00000 0.63147 0.63147
0.53815 0.00000 0.53815 0.53815
0.50856 0.00000 0.50856 0.50856
-0.10106 0.00000 -0.10106 -0.10106
0.00416 0.00000 0.00416 0.00416
0.17136 0.00000 0.17136 0.17136
-0.10772 0.00000 -0.10772 -0.10772
0.36529 0.00000 0.36529 0.36529
2.08271 0.00000 2.08271 2.08271
0.51735 0.00000 0.51735 0.51735
0.33754 0.00000 0.33754 0.33754
0.20555 0.00000 0.20555 0.20555
-0.09575 0.00000 -0.09575 -0.09575
0.48672 0.00000 0.48672 0.48672
0.34963 0.00000 0.34963 0.34963
-0.07437 0.00000 -0.07437 -0.07437
-0.33162 0.00000 -0.33162 -0.33162
-0.47199 0.00000 -0.47199 -0.47199
0.85932 0.00000 0.85932 0.85932
0.00423 0.00000 0.00423 0.00423
