# avg	std	min	max
0.00001 0.00000 0.00001 0.00001
0.00002 0.00000 0.00002 0.00002
-0.00004 0.00000 -0.00004 -0.00004
0.00000 0.00000 0.00000 0.00000
0.00000 0.00000 0.00000 0.00000
0.00000 0.00000 0.00000 0.00000
-0.00005 0.00000 -0.00005 -0.00005
0.00020 0.00000 0.00020 0.00020
0.00003 0.00000 0.00003 0.00003
0.00000 0.00000 0.00000 0.00000
-0.00005 0.00000 -0.00005 -0.00005
0.00000 0.00000 0.00000 0.00000
-0.00004 0.00000 -0.00004 -0.00004
0.00000 0.00000 0.00000 0.00000
0.00000 0.00000 0.00000 0.00000
0.00000 0.00000 0.00000 0.00000
0.00000 0.00000 0.00000 0.00000
0.00000 0.00000 0.00000 0.00000
0.00000 0.00000 0.00000 0.00000
0.00006 0.00000 0.00006 0.00006
