# avg	std	min	max
0.00183 0.00000 0.00183 0.00183
0.00170 0.00000 0.00170 0.00170
0.00166 0.00000 0.00166 0.00166
-0.00002 0.00000 -0.00002 -0.00002
-0.00022 0.00000 -0.00022 -0.00022
-0.00079 0.00000 -0.00079 -0.00079
-0.00344 0.00000 -0.00344 -0.00344
-0.00495 0.00000 -0.00495 -0.00495
0.00192 0.00000 0.00192 0.00192
0.00163 0.00000 0.00163 0.00163
0.00176 0.00000 0.00176 0.00176
0.00178 0.00000 0.00178 0.00178
-0.00381 0.00000 -0.00381 -0.00381
0.00112 0.00000 0.00112 0.00112
0.00063 0.00000 0.00063 0.00063
-0.05628 0.00000 -0.05628 -0.05628
-0.03583 0.00000 -0.03583 -0.03583
0.01344 0.00000 0.01344 0.01344
0.01797 0.00000 0.01797 0.01797
-0.00072 0.00000 -0.00072 -0.00072
