# avg	std	min	max
-0.01148 0.00000 -0.01148 -0.01148
0.00809 0.00000 0.00809 0.00809
0.06472 0.00000 0.06472 0.06472
-0.00005 0.00000 -0.00005 -0.00005
-0.00065 0.00000 -0.00065 -0.00065
0.00167 0.00000 0.00167 0.00167
-0.00024 0.00000 -0.00024 -0.00024
-0.00921 0.00000 -0.00921 -0.00921
0.11226 0.00000 0.11226 0.11226
-0.00767 0.00000 -0.00767 -0.00767
0.02196 0.00000 0.02196 0.02196
-0.01518 0.00000 -0.01518 -0.01518
-0.00729 0.00000 -0.00729 -0.00729
0.02378 0.00000 0.02378 0.02378
0.01420 0.00000 0.01420 0.01420
0.00154 0.00000 0.00154 0.00154
-0.04024 0.00000 -0.04024 -0.04024
0.02210 0.00000 0.02210 0.02210
-0.00429 0.00000 -0.00429 -0.00429
0.05508 0.00000 0.05508 0.05508
