# avg	std	min	max
1.85461 0.00000 1.85461 1.85461
1.53599 0.00000 1.53599 1.53599
1.05412 0.00000 1.05412 1.05412
0.68732 0.00000 0.68732 0.68732
0.40120 0.00000 0.40120 0.40120
-0.02517 0.00000 -0.02517 -0.02517
1.58459 0.00000 1.58459 1.58459
1.43065 0.00000 1.43065 1.43065
1.27694 0.00000 1.27694 1.27694
2.22211 0.00000 2.22211 2.22211
1.55320 0.00000 1.55320 1.55320
0.93800 0.00000 0.93800 0.93800
1.58101 0.00000 1.58101 1.58101
1.93521 0.00000 1.93521 1.93521
1.46515 0.00000 1.46515 1.46515
0.26330 0.00000 0.26330 0.26330
1.19482 0.00000 1.19482 1.19482
1.79531 0.00000 1.79531 1.79531
2.15696 0.00000 2.15696 2.15696
2.06289 0.00000 2.06289 2.06289
