# avg	std	min	max
-0.00012 0.00000 -0.00012 -0.00012
-0.00005 0.00000 -0.00005 -0.00005
-0.00006 0.00000 -0.00006 -0.00006
-0.00007 0.00000 -0.00007 -0.00007
-0.00006 0.00000 -0.00006 -0.00006
-0.00008 0.00000 -0.00008 -0.00008
-0.00007 0.00000 -0.00007 -0.00007
0.00185 0.00000 0.00185 0.00185
0.00000 0.00000 0.00000 0.00000
-0.00006 0.00000 -0.00006 -0.00006
-0.00005 0.00000 -0.00005 -0.00005
-0.00006 0.00000 -0.00006 -0.00006
-0.00008 0.00000 -0.00008 -0.00008
-0.00004 0.00000 -0.00004 -0.00004
-0.00006 0.00000 -0.00006 -0.00006
-0.00025 0.00000 -0.00025 -0.00025
-0.00030 0.00000 -0.00030 -0.00030
0.00264 0.00000 0.00264 0.00264
0.01563 0.00000 0.01563 0.01563
-0.00005 0.00000 -0.00005 -0.00005
