# avg	std	min	max
0.00136 0.00000 0.00136 0.00136
0.01406 0.00000 0.01406 0.01406
0.01249 0.00000 0.01249 0.01249
-0.02231 0.00000 -0.02231 -0.02231
0.01938 0.00000 0.01938 0.01938
-0.00692 0.00000 -0.00692 -0.00692
0.00107 0.00000 0.00107 0.00107
0.00487 0.00000 0.00487 0.00487
0.00235 0.00000 0.00235 0.00235
0.02337 0.00000 0.02337 0.02337
0.01475 0.00000 0.01475 0.01475
0.01301 0.00000 0.01301 0.01301
0.00775 0.00000 0.00775 0.00775
0.01089 0.00000 0.01089 0.01089
-0.04437 0.00000 -0.04437 -0.04437
-0.00916 0.00000 -0.00916 -0.00916
-0.03888 0.00000 -0.03888 -0.03888
-0.02807 0.00000 -0.02807 -0.02807
0.00109 0.00000 0.00109 0.00109
0.00753 0.00000 0.00753 0.00753
