# avg	std	min	max
-0.00045 0.00000 -0.00045 -0.00045
0.00000 0.00000 0.00000 0.00000
0.00000 0.00000 0.00000 0.00000
0.00000 0.00000 0.00000 0.00000
0.00000 0.00000 0.00000 0.00000
-0.00006 0.00000 -0.00006 -0.00006
0.00000 0.00000 0.00000 0.00000
0.00348 0.00000 0.00348 0.00348
0.00009 0.00000 0.00009 0.00009
0.00000 0.00000 0.00000 0.00000
0.00000 0.00000 0.00000 0.00000
0.00000 0.00000 0.00000 0.00000
-0.00011 0.00000 -0.00011 -0.00011
0.00000 0.00000 0.00000 0.00000
-0.00032 0.00000 -0.00032 -0.00032
-0.24002 0.00000 -0.24002 -0.24002
-0.35818 0.00000 -0.35818 -0.35818
0.26445 0.00000 0.26445 0.26445
0.31383 0.00000 0.31383 0.31383
0.00000 0.00000 0.00000 0.00000
