# avg	std	min	max
0.00083 0.00000 0.00083 0.00083
0.00056 0.00000 0.00056 0.00056
-0.00000 0.00000 -0.00000 -0.00000
0.00001 0.00000 0.00001 0.00001
-0.00054 0.00000 -0.00054 -0.00054
0.00326 0.00000 0.00326 0.00326
0.03763 0.00000 0.03763 0.03763
0.05005 0.00000 0.05005 0.05005
0.00041 0.00000 0.00041 0.00041
0.00052 0.00000 0.00052 0.00052
-0.00008 0.00000 -0.00008 -0.00008
0.00048 0.00000 0.00048 0.00048
0.17086 0.00000 0.17086 0.17086
0.00004 0.00000 0.00004 0.00004
0.00053 0.00000 0.00053 0.00053
-0.12746 0.00000 -0.12746 -0.12746
0.00027 0.00000 0.00027 0.00027
0.14765 0.00000 0.14765 0.14765
0.27715 0.00000 0.27715 0.27715
0.00947 0.00000 0.00947 0.00947
