# avg	std	min	max
-0.00032 0.00000 -0.00032 -0.00032
0.00000 0.00000 0.00000 0.00000
0.00308 0.00000 0.00308 0.00308
-0.00200 0.00000 -0.00200 -0.00200
0.00000 0.00000 0.00000 0.00000
-0.00542 0.00000 -0.00542 -0.00542
0.01454 0.00000 0.01454 0.01454
0.03538 0.00000 0.03538 0.03538
0.00000 0.00000 0.00000 0.00000
-0.00639 0.00000 -0.00639 -0.00639
-0.00639 0.00000 -0.00639 -0.00639
-0.01466 0.00000 -0.01466 -0.01466
0.02571 0.00000 0.02571 0.02571
0.00000 0.00000 0.00000 0.00000
0.00000 0.00000 0.00000 0.00000
-0.07395 0.00000 -0.07395 -0.07395
-0.02969 0.00000 -0.02969 -0.02969
0.01481 0.00000 0.01481 0.01481
0.04236 0.00000 0.04236 0.04236
0.02952 0.00000 0.02952 0.02952
