# avg	std	min	max
0.12947 0.00000 0.12947 0.12947
0.10725 0.00000 0.10725 0.10725
0.12120 0.00000 0.12120 0.12120
0.13378 0.00000 0.13378 0.13378
0.10141 0.00000 0.10141 0.10141
0.13271 0.00000 0.13271 0.13271
0.16337 0.00000 0.16337 0.16337
0.14523 0.00000 0.14523 0.14523
0.10693 0.00000 0.10693 0.10693
0.13303 0.00000 0.13303 0.13303
0.14760 0.00000 0.14760 0.14760
0.15817 0.00000 0.15817 0.15817
0.14249 0.00000 0.14249 0.14249
0.12200 0.00000 0.12200 0.12200
0.07933 0.00000 0.07933 0.07933
-0.00040 0.00000 -0.00040 -0.00040
-0.04653 0.00000 -0.04653 -0.04653
0.11869 0.00000 0.11869 0.11869
0.16754 0.00000 0.16754 0.16754
0.09823 0.00000 0.09823 0.09823
