# avg	std	min	max
0.00420 0.00000 0.00420 0.00420
0.00208 0.00000 0.00208 0.00208
0.00309 0.00000 0.00309 0.00309
0.00210 0.00000 0.00210 0.00210
0.00103 0.00000 0.00103 0.00103
0.00308 0.00000 0.00308 0.00308
0.00308 0.00000 0.00308 0.00308
0.00309 0.00000 0.00309 0.00309
0.00514 0.00000 0.00514 0.00514
0.00207 0.00000 0.00207 0.00207
0.00309 0.00000 0.00309 0.00309
0.00204 0.00000 0.00204 0.00204
0.00310 0.00000 0.00310 0.00310
0.00306 0.00000 0.00306 0.00306
0.00313 0.00000 0.00313 0.00313
0.00313 0.00000 0.00313 0.00313
0.00006 0.00000 0.00006 0.00006
0.00309 0.00000 0.00309 0.00309
0.00202 0.00000 0.00202 0.00202
0.00409 0.00000 0.00409 0.00409
