# avg	std	min	max
0.00000 0.00000 0.00000 0.00000
0.00008 0.00000 0.00008 0.00008
0.00103 0.00000 0.00103 0.00103
0.00457 0.00000 0.00457 0.00457
0.00207 0.00000 0.00207 0.00207
0.00000 0.00000 0.00000 0.00000
0.00000 0.00000 0.00000 0.00000
-0.00287 0.00000 -0.00287 -0.00287
0.00000 0.00000 0.00000 0.00000
0.00103 0.00000 0.00103 0.00103
0.00000 0.00000 0.00000 0.00000
0.00019 0.00000 0.00019 0.00019
0.00111 0.00000 0.00111 0.00111
0.00207 0.00000 0.00207 0.00207
-0.00028 0.00000 -0.00028 -0.00028
-0.05695 0.00000 -0.05695 -0.05695
-0.04646 0.00000 -0.04646 -0.04646
0.00862 0.00000 0.00862 0.00862
0.01459 0.00000 0.01459 0.01459
-0.00019 0.00000 -0.00019 -0.00019
