# avg	std	min	max
0.42707 0.00000 0.42707 0.42707
0.42177 0.00000 0.42177 0.42177
0.36536 0.00000 0.36536 0.36536
0.31790 0.00000 0.31790 0.31790
0.31676 0.00000 0.31676 0.31676
0.27339 0.00000 0.27339 0.27339
0.42174 0.00000 0.42174 0.42174
0.31000 0.00000 0.31000 0.31000
0.46418 0.00000 0.46418 0.46418
0.42661 0.00000 0.42661 0.42661
0.39404 0.00000 0.39404 0.39404
0.36906 0.00000 0.36906 0.36906
0.41953 0.00000 0.41953 0.41953
0.41253 0.00000 0.41253 0.41253
0.00111 0.00000 0.00111 0.00111
0.39558 0.00000 0.39558 0.39558
0.36840 0.00000 0.36840 0.36840
0.33659 0.00000 0.33659 0.33659
0.39023 0.00000 0.39023 0.39023
0.41902 0.00000 0.41902 0.41902
