# avg	std	min	max
-0.02768 0.00000 -0.02768 -0.02768
-0.02652 0.00000 -0.02652 -0.02652
-0.02656 0.00000 -0.02656 -0.02656
-0.02831 0.00000 -0.02831 -0.02831
-0.02439 0.00000 -0.02439 -0.02439
-0.02875 0.00000 -0.02875 -0.02875
-0.02961 0.00000 -0.02961 -0.02961
-0.00977 0.00000 -0.00977 -0.00977
-0.02744 0.00000 -0.02744 -0.02744
-0.02848 0.00000 -0.02848 -0.02848
-0.02506 0.00000 -0.02506 -0.02506
-0.02872 0.00000 -0.02872 -0.02872
-0.01055 0.00000 -0.01055 -0.01055
-0.02637 0.00000 -0.02637 -0.02637
-0.02751 0.00000 -0.02751 -0.02751
-0.03050 0.00000 -0.03050 -0.03050
-0.02986 0.00000 -0.02986 -0.02986
-0.01685 0.00000 -0.01685 -0.01685
-0.00041 0.00000 -0.00041 -0.00041
-0.02971 0.00000 -0.02971 -0.02971
