# avg	std	min	max
-0.00570 0.00000 -0.00570 -0.00570
-0.00570 0.00000 -0.00570 -0.00570
-0.00570 0.00000 -0.00570 -0.00570
-0.13085 0.00000 -0.13085 -0.13085
-0.22574 0.00000 -0.22574 -0.22574
-0.00569 0.00000 -0.00569 -0.00569
-0.00570 0.00000 -0.00570 -0.00570
-0.00338 0.00000 -0.00338 -0.00338
-0.00570 0.00000 -0.00570 -0.00570
-0.00570 0.00000 -0.00570 -0.00570
-0.00570 0.00000 -0.00570 -0.00570
-0.00570 0.00000 -0.00570 -0.00570
0.00389 0.00000 0.00389 0.00389
-0.00570 0.00000 -0.00570 -0.00570
-0.04486 0.00000 -0.04486 -0.04486
-0.03335 0.00000 -0.03335 -0.03335
-0.24126 0.00000 -0.24126 -0.24126
0.00084 0.00000 0.00084 0.00084
0.00001 0.00000 0.00001 0.00001
-0.00023 0.00000 -0.00023 -0.00023
