# avg	std	min	max
0.00000 0.00000 0.00000 0.00000
0.00000 0.00000 0.00000 0.00000
0.00000 0.00000 0.00000 0.00000
0.00000 0.00000 0.00000 0.00000
0.00000 0.00000 0.00000 0.00000
0.00684 0.00000 0.00684 0.00684
0.03421 0.00000 0.03421 0.03421
-0.24997 0.00000 -0.24997 -0.24997
0.00000 0.00000 0.00000 0.00000
0.00000 0.00000 0.00000 0.00000
0.00000 0.00000 0.00000 0.00000
0.00000 0.00000 0.00000 0.00000
0.03442 0.00000 0.03442 0.03442
0.00000 0.00000 0.00000 0.00000
0.00000 0.00000 0.00000 0.00000
0.00000 0.00000 0.00000 0.00000
0.00035 0.00000 0.00035 0.00035
-0.18053 0.00000 -0.18053 -0.18053
-0.24071 0.00000 -0.24071 -0.24071
0.03421 0.00000 0.03421 0.03421
