# avg	std	min	max
0.00000 0.00000 0.00000 0.00000
0.00000 0.00000 0.00000 0.00000
0.00000 0.00000 0.00000 0.00000
0.00000 0.00000 0.00000 0.00000
0.02374 0.00000 0.02374 0.02374
0.00102 0.00000 0.00102 0.00102
0.00244 0.00000 0.00244 0.00244
0.01963 0.00000 0.01963 0.01963
-0.00002 0.00000 -0.00002 -0.00002
0.00000 0.00000 0.00000 0.00000
0.00000 0.00000 0.00000 0.00000
0.00000 0.00000 0.00000 0.00000
0.00107 0.00000 0.00107 0.00107
0.00101 0.00000 0.00101 0.00101
0.00011 0.00000 0.00011 0.00011
0.00050 0.00000 0.00050 0.00050
0.00024 0.00000 0.00024 0.00024
-0.00011 0.00000 -0.00011 -0.00011
0.00331 0.00000 0.00331 0.00331
0.00053 0.00000 0.00053 0.00053
