# avg	std	min	max
0.00997 0.00000 0.00997 0.00997
0.00000 0.00000 0.00000 0.00000
0.00000 0.00000 0.00000 0.00000
-0.00643 0.00788 -0.01611 0.00000
0.00000 0.00000 0.00000 0.00000
0.00000 0.00000 0.00000 0.00000
0.00824 0.00826 0.00112 0.01871
-0.00431 0.00898 -0.01072 0.01264
-0.01395 0.00008 -0.01405 -0.01383
0.00000 0.00000 0.00000 0.00000
0.00000 0.00000 0.00000 0.00000
0.00000 0.00000 0.00000 0.00000
0.00180 0.01228 -0.01749 0.02119
0.00000 0.00000 0.00000 0.00000
-0.00150 0.00248 -0.00645 0.00000
-0.08400 0.00247 -0.08893 -0.08251
-0.08163 0.01207 -0.09360 -0.06074
0.01936 0.01616 -0.01266 0.03016
0.02139 0.00967 0.00647 0.03557
-0.00339 0.00416 -0.00860 0.00000
