# avg	std	min	max
0.00000 0.00000 0.00000 0.00000
0.00000 0.00000 0.00000 0.00000
0.00000 0.00000 0.00000 0.00000
0.00000 0.00000 0.00000 0.00000
0.00000 0.00000 0.00000 0.00000
0.00000 0.00000 0.00000 0.00000
0.00021 0.00062 -0.00078 0.00102
-0.00590 0.01128 -0.02844 0.00006
0.00000 0.00000 0.00000 0.00000
0.00000 0.00000 0.00000 0.00000
0.00000 0.00000 0.00000 0.00000
0.00000 0.00000 0.00000 0.00000
-0.01735 0.01372 -0.02886 -0.00004
0.00000 0.00000 0.00000 0.00000
0.00000 0.00000 0.00000 0.00000
-0.02701 0.00002 -0.02703 -0.02698
-0.02035 0.00312 -0.02658 -0.01852
0.01978 0.00558 0.01514 0.02668
0.00758 0.00139 0.00678 0.01036
0.00000 0.00000 0.00000 0.00000
