# avg	std	min	max
-0.00722 0.00000 -0.00722 -0.00722
-0.00425 0.00000 -0.00425 -0.00425
0.00280 0.00743 -0.00634 0.00997
0.00000 0.00000 0.00000 0.00000
0.01022 0.00436 0.00481 0.01603
-0.00147 0.00579 -0.01081 0.00410
-0.19636 0.25733 -0.51157 0.01646
-0.40424 0.20686 -0.51120 0.00944
0.00319 0.00000 0.00319 0.00319
-0.00697 0.00060 -0.00734 -0.00578
-0.00478 0.00697 -0.01763 0.00361
0.00000 0.00000 0.00000 0.00000
-0.50805 0.00364 -0.51179 -0.50145
0.00000 0.00000 0.00000 0.00000
0.01045 0.00537 0.00000 0.01532
-0.01814 0.00019 -0.01852 -0.01801
0.00001 0.00002 0.00000 0.00005
0.01547 0.00246 0.01196 0.01960
-0.06251 0.20331 -0.46884 0.05225
0.00000 0.00000 0.00000 0.00000
