# avg	std	min	max
0.27911 0.00041 0.27842 0.27945
-0.00280 0.00048 -0.00346 -0.00200
-0.21635 0.04435 -0.26959 -0.15116
0.66948 0.49652 0.06778 1.22339
-0.26178 0.24993 -0.47695 0.22025
0.48169 0.17263 0.27110 0.69589
2.07164 1.46398 -0.14190 4.43691
5.71036 2.71889 4.09157 11.11337
0.07368 0.01169 0.05301 0.08441
0.13851 0.04530 0.11544 0.22911
1.49252 0.00372 1.48530 1.49593
0.00003 0.00037 -0.00047 0.00065
2.10275 1.42978 0.28056 4.37550
0.04457 0.02978 0.01389 0.09109
0.54287 0.51690 0.12195 1.31319
-0.31737 0.53460 -0.71292 0.72418
0.33499 0.82160 -0.45495 1.87263
3.06091 1.06334 1.68736 4.28023
1.99468 1.07349 0.75967 3.34454
0.13687 0.21067 -0.07598 0.44131
