# avg	std	min	max
0.07472 0.02047 0.05201 0.11089
0.05619 0.00847 0.04739 0.07035
0.06335 0.00728 0.05281 0.07417
0.04925 0.00398 0.04130 0.05164
0.06402 0.01418 0.04745 0.08232
0.05056 0.00144 0.04769 0.05140
0.07438 0.04640 0.05003 0.16715
0.05239 0.00256 0.04901 0.05683
0.05480 0.00688 0.05121 0.06855
0.06522 0.01656 0.05093 0.09625
0.06217 0.01142 0.05155 0.08086
0.06432 0.01301 0.04677 0.07939
0.05274 0.00316 0.05088 0.05905
0.06943 0.00412 0.06471 0.07553
0.05500 0.00613 0.04794 0.06364
0.03094 0.00553 0.02717 0.04170
0.00045 0.00079 -0.00021 0.00200
0.05631 0.00984 0.04732 0.07490
0.06189 0.01153 0.04949 0.08298
0.06077 0.01178 0.04879 0.08154
