# avg	std	min	max
0.00000 0.00000 0.00000 0.00000
0.41898 0.00594 0.41204 0.42568
0.30696 0.20084 -0.09466 0.41177
0.26954 0.20275 -0.07984 0.42648
0.11988 0.23535 -0.09384 0.41193
0.36339 0.00713 0.35260 0.37432
0.30610 0.14651 0.01320 0.38426
0.34991 0.02576 0.31723 0.39329
0.25529 0.21138 -0.00347 0.43471
0.45865 0.06909 0.41809 0.59669
0.43314 0.00976 0.42263 0.44508
0.31863 0.19955 -0.07984 0.43112
0.17439 0.24677 -0.12920 0.39933
0.19628 0.24479 -0.12941 0.42715
0.21913 0.24959 -0.08667 0.51169
-0.06724 0.23024 -0.37224 0.14755
0.06408 0.00925 0.05400 0.07855
0.25462 0.24783 -0.04877 0.46978
0.27188 0.39572 -0.50035 0.52568
-0.03520 0.00519 -0.04113 -0.02697
