# avg	std	min	max
0.01458 0.00003 0.01452 0.01462
0.01458 0.00005 0.01451 0.01464
0.01455 0.00007 0.01446 0.01468
0.01459 0.00005 0.01452 0.01465
0.01451 0.00006 0.01444 0.01458
0.01450 0.00007 0.01440 0.01462
0.00316 0.00009 0.00307 0.00332
0.00479 0.00011 0.00460 0.00493
0.01460 0.00002 0.01457 0.01464
0.01457 0.00012 0.01441 0.01472
0.01458 0.00008 0.01443 0.01468
0.01456 0.00005 0.01451 0.01465
0.09205 0.05001 0.05100 0.15337
0.01461 0.00007 0.01455 0.01472
0.01452 0.00008 0.01441 0.01464
0.00489 0.00005 0.00484 0.00496
-0.00550 0.00705 -0.01526 0.00453
0.01457 0.00004 0.01451 0.01463
0.01459 0.00003 0.01455 0.01463
-0.00021 0.00004 -0.00028 -0.00016
