# avg	std	min	max
0.26261 0.09876 0.14584 0.44039
0.18792 0.05014 0.09128 0.23219
0.20162 0.04288 0.14948 0.25945
0.15635 0.01052 0.13924 0.16976
0.21949 0.05837 0.13393 0.31639
0.12382 0.02666 0.08524 0.16774
0.30264 0.13155 0.20818 0.56379
0.04329 0.06492 -0.05391 0.14136
0.20303 0.03870 0.14714 0.25393
0.23913 0.04074 0.16228 0.27871
0.19808 0.04644 0.13326 0.26661
0.20644 0.08210 0.11663 0.32823
0.21818 0.02347 0.18122 0.25384
0.21696 0.02143 0.18746 0.23891
0.01758 0.12571 -0.10372 0.17938
0.08228 0.01261 0.07265 0.10684
0.03640 0.02930 -0.00907 0.08196
0.00657 0.00908 -0.00086 0.02353
0.05027 0.33177 -0.57685 0.29443
0.13444 0.05668 0.04546 0.22347
