# avg	std	min	max
-0.01616 0.00183 -0.01933 -0.01365
-0.01614 0.00115 -0.01720 -0.01401
-0.01591 0.00212 -0.01913 -0.01353
-0.01992 0.00055 -0.02037 -0.01922
0.17673 0.10218 -0.01956 0.25808
-0.02015 0.00043 -0.02037 -0.01929
-0.01850 0.00066 -0.01927 -0.01747
-0.01932 0.00114 -0.02037 -0.01731
0.19184 0.10552 -0.01886 0.25048
-0.01680 0.00071 -0.01798 -0.01598
-0.00876 0.00159 -0.01075 -0.00620
-0.01501 0.00164 -0.01646 -0.01277
-0.01790 0.00145 -0.02037 -0.01635
-0.01708 0.00182 -0.02037 -0.01502
-0.02008 0.00064 -0.02097 -0.01931
-0.05386 0.01937 -0.07755 -0.02298
-0.04570 0.01159 -0.06818 -0.03820
0.00015 0.00031 -0.00002 0.00076
0.01615 0.00173 0.01469 0.01944
-0.01818 0.00087 -0.01950 -0.01727
