# avg	std	min	max
0.00000 0.00000 0.00000 0.00000
0.00000 0.00000 0.00000 0.00000
0.00000 0.00000 0.00000 0.00000
0.00000 0.00000 0.00000 0.00000
0.00000 0.00000 0.00000 0.00000
0.00000 0.00000 0.00000 0.00000
0.00247 0.00286 -0.00053 0.00696
-0.00122 0.00482 -0.00791 0.00454
0.00000 0.00000 0.00000 0.00000
0.00000 0.00000 0.00000 0.00000
0.00000 0.00000 0.00000 0.00000
0.00000 0.00000 0.00000 0.00000
0.00392 0.00668 -0.00177 0.01693
0.00000 0.00000 0.00000 0.00000
0.00012 0.00023 0.00000 0.00058
-0.01160 0.01421 -0.02908 0.00000
-0.03191 0.00013 -0.03205 -0.03173
0.01978 0.00653 0.01351 0.03162
0.01532 0.01878 0.00000 0.03975
0.00035 0.00028 0.00000 0.00058
