# avg	std	min	max
-0.00034 0.00000 -0.00034 -0.00034
0.00000 0.00000 0.00000 0.00000
0.00000 0.00000 0.00000 0.00000
0.00000 0.00000 0.00000 0.00000
0.00000 0.00000 0.00000 0.00000
0.00000 0.00000 0.00000 0.00000
0.00000 0.00000 0.00000 0.00000
0.00000 0.00000 0.00000 0.00000
0.00000 0.00000 0.00000 0.00000
0.00000 0.00000 0.00000 0.00000
0.00000 0.00000 0.00000 0.00000
0.00000 0.00000 0.00000 0.00000
0.00000 0.00000 0.00000 0.00000
0.00000 0.00000 0.00000 0.00000
0.00000 0.00000 0.00000 0.00000
-0.02280 0.00001 -0.02282 -0.02278
-0.02840 0.00569 -0.03167 -0.01704
0.00512 0.00009 0.00501 0.00527
0.01501 0.00330 0.00904 0.01811
0.00000 0.00000 0.00000 0.00000
