# avg	std	min	max
0.00000 0.00000 0.00000 0.00000
0.00000 0.00000 0.00000 0.00000
0.00000 0.00000 0.00000 0.00000
0.00000 0.00000 0.00000 0.00000
0.00000 0.00000 0.00000 0.00000
0.00000 0.00000 0.00000 0.00000
-0.00430 0.00728 -0.01395 0.00248
-0.10471 0.00942 -0.12354 -0.09927
0.00208 0.00000 0.00208 0.00208
0.00000 0.00000 0.00000 0.00000
0.00000 0.00000 0.00000 0.00000
0.00000 0.00000 0.00000 0.00000
0.02096 0.00023 0.02052 0.02120
0.00000 0.00000 0.00000 0.00000
-0.01288 0.02576 -0.06439 0.00000
-0.01634 0.01041 -0.03649 -0.00835
-0.01298 0.01011 -0.02524 -0.00061
0.00499 0.00647 0.00000 0.01586
0.00499 0.00250 0.00000 0.00626
-0.01154 0.00643 -0.01959 -0.00463
