# avg	std	min	max
0.01687 0.01138 0.00788 0.03826
0.01511 0.00725 0.00750 0.02617
0.00410 0.00625 -0.00715 0.01066
0.01149 0.01640 -0.00294 0.04297
0.00447 0.00409 -0.00058 0.01139
0.00887 0.00800 -0.00116 0.02249
0.00797 0.01183 -0.00440 0.02693
0.00140 0.00447 -0.00196 0.01025
0.00493 0.00200 0.00247 0.00717
0.00807 0.01216 -0.00046 0.03182
0.00000 0.00000 0.00000 0.00000
0.00000 0.00000 0.00000 0.00000
-0.00057 0.00570 -0.00510 0.01028
0.01653 0.02781 -0.00502 0.07143
0.00296 0.00843 -0.00615 0.01816
-0.11788 0.02840 -0.14378 -0.06424
-0.00888 0.03098 -0.03128 0.05251
0.01637 0.01534 -0.00551 0.03364
0.03803 0.01336 0.01167 0.04842
0.02047 0.02462 -0.00206 0.06260
