# avg	std	min	max
0.00000 0.00000 0.00000 0.00000
0.00000 0.00000 0.00000 0.00000
0.00000 0.00000 0.00000 0.00000
0.00000 0.00000 0.00000 0.00000
-0.00015 0.00030 -0.00074 0.00000
0.00016 0.00034 -0.00004 0.00084
0.00000 0.00000 0.00000 0.00000
-0.00001 0.00002 -0.00004 0.00000
-0.00014 0.00028 -0.00070 0.00000
0.00000 0.00000 0.00000 0.00000
0.00000 0.00000 0.00000 0.00000
0.00000 0.00000 0.00000 0.00000
0.00000 0.00000 0.00000 0.00000
0.00000 0.00000 0.00000 0.00000
0.00000 0.00000 0.00000 0.00000
0.00000 0.00000 0.00000 0.00000
0.00000 0.00000 0.00000 0.00000
0.00000 0.00000 0.00000 0.00000
-0.00010 0.00020 -0.00050 0.00000
0.00000 0.00000 0.00000 0.00000
