# avg	std	min	max
0.01395 0.00004 0.01388 0.01399
0.00678 0.00002 0.00676 0.00682
-0.00001 0.00003 -0.00006 0.00003
0.00083 0.00594 -0.00891 0.00609
-0.00013 0.00048 -0.00074 0.00069
-0.01245 0.00644 -0.02394 -0.00660
-0.00579 0.00389 -0.01010 0.00152
-0.00332 0.00425 -0.00699 0.00447
0.01520 0.00013 0.01506 0.01544
0.01162 0.00004 0.01156 0.01169
0.00211 0.00025 0.00174 0.00240
0.01164 0.00004 0.01159 0.01170
-0.00298 0.00429 -0.00893 0.00198
0.00423 0.00223 0.00237 0.00698
-0.00688 0.00462 -0.01342 0.00106
-0.05272 0.00315 -0.05547 -0.04876
-0.05896 0.01384 -0.08237 -0.03884
0.02568 0.01364 0.01184 0.05187
0.07729 0.01826 0.05496 0.10363
0.00005 0.00287 -0.00568 0.00168
