# avg	std	min	max
0.01083 0.00000 0.01083 0.01083
0.00000 0.00000 0.00000 0.00000
0.00000 0.00000 0.00000 0.00000
0.00000 0.00000 0.00000 0.00000
-0.00356 0.00000 -0.00356 -0.00356
0.00363 0.00000 0.00363 0.00363
0.00000 0.00000 0.00000 0.00000
0.00327 0.00000 0.00327 0.00327
0.00000 0.00000 0.00000 0.00000
0.00718 0.00000 0.00718 0.00718
0.00000 0.00000 0.00000 0.00000
0.00000 0.00000 0.00000 0.00000
0.00359 0.00000 0.00359 0.00359
0.00000 0.00000 0.00000 0.00000
0.00843 0.00000 0.00843 0.00843
0.01359 0.00000 0.01359 0.01359
0.01082 0.00000 0.01082 0.01082
-0.00500 0.00000 -0.00500 -0.00500
-0.01066 0.00000 -0.01066 -0.01066
0.00397 0.00000 0.00397 0.00397
