# avg	std	min	max
0.00115 0.00000 0.00115 0.00115
0.00057 0.00000 0.00057 0.00057
-0.00001 0.00000 -0.00001 -0.00001
0.00103 0.00000 0.00103 0.00103
0.00119 0.00000 0.00119 0.00119
0.13360 0.00000 0.13360 0.13360
0.00074 0.00000 0.00074 0.00074
-0.06332 0.00000 -0.06332 -0.06332
0.00003 0.00000 0.00003 0.00003
0.00000 0.00000 0.00000 0.00000
0.00000 0.00000 0.00000 0.00000
0.00000 0.00000 0.00000 0.00000
0.02948 0.00000 0.02948 0.02948
-0.06605 0.00000 -0.06605 -0.06605
-0.05078 0.00000 -0.05078 -0.05078
-0.08392 0.00000 -0.08392 -0.08392
-0.07134 0.00000 -0.07134 -0.07134
0.04056 0.00000 0.04056 0.04056
0.05940 0.00000 0.05940 0.05940
-0.06334 0.00000 -0.06334 -0.06334
