# avg	std	min	max
-0.03541 0.00000 -0.03541 -0.03541
-0.02754 0.00000 -0.02754 -0.02754
-0.01492 0.00000 -0.01492 -0.01492
-0.01465 0.00000 -0.01465 -0.01465
-0.00966 0.00000 -0.00966 -0.00966
-0.03830 0.00000 -0.03830 -0.03830
-0.05228 0.00000 -0.05228 -0.05228
-0.29532 0.00000 -0.29532 -0.29532
-0.01254 0.00000 -0.01254 -0.01254
-0.01348 0.00000 -0.01348 -0.01348
-0.03206 0.00000 -0.03206 -0.03206
-0.03090 0.00000 -0.03090 -0.03090
-0.06565 0.00000 -0.06565 -0.06565
-0.04717 0.00000 -0.04717 -0.04717
-0.03712 0.00000 -0.03712 -0.03712
-0.00002 0.00000 -0.00002 -0.00002
-0.04798 0.00000 -0.04798 -0.04798
-0.05694 0.00000 -0.05694 -0.05694
-0.09813 0.00000 -0.09813 -0.09813
-0.02362 0.00000 -0.02362 -0.02362
