# avg	std	min	max
0.04023 0.00000 0.04023 0.04023
0.03912 0.00000 0.03912 0.03912
0.03964 0.00000 0.03964 0.03964
0.04035 0.00000 0.04035 0.04035
0.04023 0.00000 0.04023 0.04023
0.03922 0.00000 0.03922 0.03922
0.03984 0.00000 0.03984 0.03984
0.04081 0.00000 0.04081 0.04081
0.03874 0.00000 0.03874 0.03874
0.04023 0.00000 0.04023 0.04023
0.03933 0.00000 0.03933 0.03933
0.04039 0.00000 0.04039 0.04039
0.04018 0.00000 0.04018 0.04018
0.03876 0.00000 0.03876 0.03876
0.03997 0.00000 0.03997 0.03997
0.00035 0.00000 0.00035 0.00035
0.01465 0.00000 0.01465 0.01465
0.05376 0.00000 0.05376 0.05376
0.11782 0.00000 0.11782 0.11782
0.04004 0.00000 0.04004 0.04004
