# avg	std	min	max
0.00726 0.00000 0.00726 0.00726
0.00336 0.00000 0.00336 0.00336
0.00727 0.00000 0.00727 0.00727
0.00650 0.00000 0.00650 0.00650
0.00462 0.00000 0.00462 0.00462
0.00089 0.00000 0.00089 0.00089
0.00251 0.00000 0.00251 0.00251
0.00124 0.00000 0.00124 0.00124
0.00494 0.00000 0.00494 0.00494
0.00502 0.00000 0.00502 0.00502
0.00287 0.00000 0.00287 0.00287
0.00446 0.00000 0.00446 0.00446
-0.00015 0.00000 -0.00015 -0.00015
0.00134 0.00000 0.00134 0.00134
0.00556 0.00000 0.00556 0.00556
0.00004 0.00000 0.00004 0.00004
0.00000 0.00000 0.00000 0.00000
0.00274 0.00000 0.00274 0.00274
-0.01591 0.00000 -0.01591 -0.01591
0.00463 0.00000 0.00463 0.00463
