# avg	std	min	max
-0.02274 0.00000 -0.02274 -0.02274
-0.01948 0.00000 -0.01948 -0.01948
-0.01350 0.00000 -0.01350 -0.01350
-0.01303 0.00000 -0.01303 -0.01303
-0.01835 0.00000 -0.01835 -0.01835
-0.01923 0.00000 -0.01923 -0.01923
-0.00921 0.00000 -0.00921 -0.00921
-0.02328 0.00000 -0.02328 -0.02328
-0.01549 0.00000 -0.01549 -0.01549
-0.02120 0.00000 -0.02120 -0.02120
-0.00762 0.00000 -0.00762 -0.00762
-0.02048 0.00000 -0.02048 -0.02048
-0.00986 0.00000 -0.00986 -0.00986
-0.01691 0.00000 -0.01691 -0.01691
-0.00772 0.00000 -0.00772 -0.00772
-0.00044 0.00000 -0.00044 -0.00044
0.00000 0.00000 0.00000 0.00000
-0.03033 0.00000 -0.03033 -0.03033
-0.06211 0.00000 -0.06211 -0.06211
-0.01256 0.00000 -0.01256 -0.01256
