# avg	std	min	max
0.00000 0.00000 0.00000 0.00000
0.00018 0.00000 0.00018 0.00018
0.00051 0.00000 0.00051 0.00051
0.00102 0.00000 0.00102 0.00102
0.00227 0.00000 0.00227 0.00227
0.00050 0.00000 0.00050 0.00050
0.00000 0.00000 0.00000 0.00000
0.00213 0.00000 0.00213 0.00213
0.00097 0.00000 0.00097 0.00097
0.00016 0.00000 0.00016 0.00016
0.00000 0.00000 0.00000 0.00000
0.00024 0.00000 0.00024 0.00024
0.00036 0.00000 0.00036 0.00036
0.00049 0.00000 0.00049 0.00049
0.00110 0.00000 0.00110 0.00110
0.00000 0.00000 0.00000 0.00000
0.00000 0.00000 0.00000 0.00000
0.00058 0.00000 0.00058 0.00058
0.00210 0.00000 0.00210 0.00210
0.00225 0.00000 0.00225 0.00225
