# avg	std	min	max
0.00000 0.00000 0.00000 0.00000
0.00007 0.00000 0.00007 0.00007
0.03907 0.00000 0.03907 0.03907
-0.04864 0.00000 -0.04864 -0.04864
0.01357 0.00000 0.01357 0.01357
-0.01218 0.00000 -0.01218 -0.01218
-0.05473 0.00000 -0.05473 -0.05473
0.00006 0.00000 0.00006 0.00006
0.00025 0.00000 0.00025 0.00025
-0.03850 0.00000 -0.03850 -0.03850
0.01436 0.00000 0.01436 0.01436
-0.05047 0.00000 -0.05047 -0.05047
-0.03687 0.00000 -0.03687 -0.03687
-0.03723 0.00000 -0.03723 -0.03723
-0.01431 0.00000 -0.01431 -0.01431
-0.05460 0.00000 -0.05460 -0.05460
-0.10889 0.00000 -0.10889 -0.10889
-0.01247 0.00000 -0.01247 -0.01247
0.06084 0.00000 0.06084 0.06084
-0.04084 0.00000 -0.04084 -0.04084
