# avg	std	min	max
0.00000 0.00000 0.00000 0.00000
0.71797 0.00000 0.71797 0.71797
0.85962 0.00000 0.85962 0.85962
4.10413 0.00000 4.10413 4.10413
2.39727 0.00000 2.39727 2.39727
1.99752 0.00000 1.99752 1.99752
9.27909 0.00000 9.27909 9.27909
8.44224 0.00000 8.44224 8.44224
0.67044 0.00000 0.67044 0.67044
1.34371 0.00000 1.34371 1.34371
1.75393 0.00000 1.75393 1.75393
1.16917 0.00000 1.16917 1.16917
10.93260 0.00000 10.93260 10.93260
3.60652 0.00000 3.60652 3.60652
3.58619 0.00000 3.58619 3.58619
1.52665 0.00000 1.52665 1.52665
4.20925 0.00000 4.20925 4.20925
2.77920 0.00000 2.77920 2.77920
4.43145 0.00000 4.43145 4.43145
10.01591 0.00000 10.01591 10.01591
