# avg	std	min	max
0.00000 0.00000 0.00000 0.00000
0.00000 0.00000 0.00000 0.00000
0.00000 0.00000 0.00000 0.00000
-0.00008 0.00000 -0.00008 -0.00008
-0.00005 0.00000 -0.00005 -0.00005
-0.00010 0.00000 -0.00010 -0.00010
-0.00002 0.00000 -0.00002 -0.00002
-0.00009 0.00000 -0.00009 -0.00009
-0.00170 0.00000 -0.00170 -0.00170
0.00000 0.00000 0.00000 0.00000
-0.00001 0.00000 -0.00001 -0.00001
0.00000 0.00000 0.00000 0.00000
-0.00001 0.00000 -0.00001 -0.00001
0.00000 0.00000 0.00000 0.00000
-0.00018 0.00000 -0.00018 -0.00018
-0.00001 0.00000 -0.00001 -0.00001
-0.00003 0.00000 -0.00003 -0.00003
-0.00701 0.00000 -0.00701 -0.00701
-0.05521 0.00000 -0.05521 -0.05521
-0.00436 0.00000 -0.00436 -0.00436
