# avg	std	min	max
0.00000 0.00000 0.00000 0.00000
0.00050 0.00000 0.00050 0.00050
0.00050 0.00000 0.00050 0.00050
0.00051 0.00000 0.00051 0.00051
0.00050 0.00000 0.00050 0.00050
0.00052 0.00000 0.00052 0.00052
0.00058 0.00000 0.00058 0.00058
-0.00035 0.00000 -0.00035 -0.00035
0.00079 0.00000 0.00079 0.00079
0.00050 0.00000 0.00050 0.00050
0.00050 0.00000 0.00050 0.00050
0.00050 0.00000 0.00050 0.00050
0.00123 0.00000 0.00123 0.00123
0.00050 0.00000 0.00050 0.00050
0.00051 0.00000 0.00051 0.00051
0.00050 0.00000 0.00050 0.00050
0.00050 0.00000 0.00050 0.00050
0.00033 0.00000 0.00033 0.00033
-0.00009 0.00000 -0.00009 -0.00009
0.00028 0.00000 0.00028 0.00028
