# avg	std	min	max
0.00000 0.00000 0.00000 0.00000
0.00005 0.00000 0.00005 0.00005
0.00000 0.00000 0.00000 0.00000
0.00000 0.00000 0.00000 0.00000
0.00030 0.00000 0.00030 0.00030
0.00006 0.00000 0.00006 0.00006
0.00000 0.00000 0.00000 0.00000
-0.00005 0.00000 -0.00005 -0.00005
0.00000 0.00000 0.00000 0.00000
-0.00003 0.00000 -0.00003 -0.00003
-0.00001 0.00000 -0.00001 -0.00001
0.00014 0.00000 0.00014 0.00014
0.00000 0.00000 0.00000 0.00000
0.00000 0.00000 0.00000 0.00000
0.00000 0.00000 0.00000 0.00000
0.03712 0.00000 0.03712 0.03712
0.01820 0.00000 0.01820 0.01820
-0.01091 0.00000 -0.01091 -0.01091
-0.10695 0.00000 -0.10695 -0.10695
0.00000 0.00000 0.00000 0.00000
