# avg	std	min	max
-0.22663 0.00000 -0.22663 -0.22663
-0.15504 0.00000 -0.15504 -0.15504
-0.21516 0.00000 -0.21516 -0.21516
-0.09245 0.00000 -0.09245 -0.09245
-0.10224 0.00000 -0.10224 -0.10224
-0.07733 0.00000 -0.07733 -0.07733
-0.15342 0.00000 -0.15342 -0.15342
0.03686 0.00000 0.03686 0.03686
0.60205 0.00000 0.60205 0.60205
-0.06586 0.00000 -0.06586 -0.06586
-0.12869 0.00000 -0.12869 -0.12869
-0.10648 0.00000 -0.10648 -0.10648
-0.11276 0.00000 -0.11276 -0.11276
-0.09646 0.00000 -0.09646 -0.09646
0.11928 0.00000 0.11928 0.11928
0.44708 0.00000 0.44708 0.44708
0.57823 0.00000 0.57823 0.57823
-0.52715 0.00000 -0.52715 -0.52715
-0.45401 0.00000 -0.45401 -0.45401
0.01244 0.00000 0.01244 0.01244
