# avg	std	min	max
0.00508 0.00000 0.00508 0.00508
-0.02867 0.00000 -0.02867 -0.02867
0.00000 0.00000 0.00000 0.00000
0.00417 0.00000 0.00417 0.00417
0.00000 0.00000 0.00000 0.00000
0.00448 0.00000 0.00448 0.00448
0.01384 0.00000 0.01384 0.01384
0.05577 0.00000 0.05577 0.05577
0.00340 0.00000 0.00340 0.00340
-0.02046 0.00000 -0.02046 -0.02046
0.00511 0.00000 0.00511 0.00511
0.00510 0.00000 0.00510 0.00510
-0.03191 0.00000 -0.03191 -0.03191
0.00349 0.00000 0.00349 0.00349
-0.01159 0.00000 -0.01159 -0.01159
0.09904 0.00000 0.09904 0.09904
0.07572 0.00000 0.07572 0.07572
-0.07765 0.00000 -0.07765 -0.07765
-0.17475 0.00000 -0.17475 -0.17475
-0.03720 0.00000 -0.03720 -0.03720
