# avg	std	min	max
0.86990 0.00000 0.86990 0.86990
0.30485 0.00000 0.30485 0.30485
0.82619 0.00000 0.82619 0.82619
-0.24982 0.00000 -0.24982 -0.24982
1.28775 0.00000 1.28775 1.28775
-0.17354 0.00000 -0.17354 -0.17354
-0.22170 0.00000 -0.22170 -0.22170
-0.08675 0.00000 -0.08675 -0.08675
1.49022 0.00000 1.49022 1.49022
0.33701 0.00000 0.33701 0.33701
0.54363 0.00000 0.54363 0.54363
0.09897 0.00000 0.09897 0.09897
-0.27485 0.00000 -0.27485 -0.27485
0.23999 0.00000 0.23999 0.23999
0.26328 0.00000 0.26328 0.26328
2.65774 0.00000 2.65774 2.65774
0.39552 0.00000 0.39552 0.39552
0.05890 0.00000 0.05890 0.05890
0.18034 0.00000 0.18034 0.18034
0.25615 0.00000 0.25615 0.25615
