# avg	std	min	max
-0.04708 0.00000 -0.04708 -0.04708
-0.04675 0.00000 -0.04675 -0.04675
-0.04738 0.00000 -0.04738 -0.04738
-0.04311 0.00000 -0.04311 -0.04311
-0.04563 0.00000 -0.04563 -0.04563
-0.04621 0.00000 -0.04621 -0.04621
-0.04645 0.00000 -0.04645 -0.04645
-0.05148 0.00000 -0.05148 -0.05148
0.26169 0.00000 0.26169 0.26169
-0.03898 0.00000 -0.03898 -0.03898
-0.04366 0.00000 -0.04366 -0.04366
-0.04344 0.00000 -0.04344 -0.04344
-0.04676 0.00000 -0.04676 -0.04676
-0.04697 0.00000 -0.04697 -0.04697
-0.04721 0.00000 -0.04721 -0.04721
-0.09986 0.00000 -0.09986 -0.09986
-0.12281 0.00000 -0.12281 -0.12281
-0.00011 0.00000 -0.00011 -0.00011
0.07392 0.00000 0.07392 0.07392
-0.04664 0.00000 -0.04664 -0.04664
