# avg	std	min	max
-0.00011 0.00000 -0.00011 -0.00011
-0.00008 0.00000 -0.00008 -0.00008
-0.01770 0.00000 -0.01770 -0.01770
0.00002 0.00000 0.00002 0.00002
-0.02075 0.00000 -0.02075 -0.02075
0.00006 0.00000 0.00006 0.00006
-0.03150 0.00000 -0.03150 -0.03150
0.00012 0.00000 0.00012 0.00012
-0.00006 0.00000 -0.00006 -0.00006
-0.00008 0.00000 -0.00008 -0.00008
-0.02118 0.00000 -0.02118 -0.02118
-0.00010 0.00000 -0.00010 -0.00010
-0.02686 0.00000 -0.02686 -0.02686
0.00000 0.00000 0.00000 0.00000
0.00006 0.00000 0.00006 0.00006
0.00005 0.00000 0.00005 0.00005
0.00007 0.00000 0.00007 0.00007
0.00000 0.00000 0.00000 0.00000
-0.00014 0.00000 -0.00014 -0.00014
0.00003 0.00000 0.00003 0.00003
