# avg	std	min	max
0.00714 0.00000 0.00714 0.00714
0.00098 0.00000 0.00098 0.00098
-0.00038 0.00000 -0.00038 -0.00038
-0.00001 0.00000 -0.00001 -0.00001
-0.00008 0.00000 -0.00008 -0.00008
-0.00006 0.00000 -0.00006 -0.00006
0.00944 0.00000 0.00944 0.00944
-0.03936 0.00000 -0.03936 -0.03936
0.00009 0.00000 0.00009 0.00009
-0.00021 0.00000 -0.00021 -0.00021
0.00588 0.00000 0.00588 0.00588
0.00335 0.00000 0.00335 0.00335
0.07491 0.00000 0.07491 0.07491
-0.00065 0.00000 -0.00065 -0.00065
-0.00020 0.00000 -0.00020 -0.00020
-0.00881 0.00000 -0.00881 -0.00881
0.01997 0.00000 0.01997 0.01997
0.00295 0.00000 0.00295 0.00295
-0.05660 0.00000 -0.05660 -0.05660
0.00000 0.00000 0.00000 0.00000
