# avg	std	min	max
0.00040 0.00000 0.00040 0.00040
0.00010 0.00000 0.00010 0.00010
-0.00006 0.00000 -0.00006 -0.00006
0.00000 0.00000 0.00000 0.00000
-0.00020 0.00000 -0.00020 -0.00020
0.00000 0.00000 0.00000 0.00000
0.00017 0.00000 0.00017 0.00017
-0.00168 0.00000 -0.00168 -0.00168
0.00000 0.00000 0.00000 0.00000
0.00020 0.00000 0.00020 0.00020
0.00009 0.00000 0.00009 0.00009
-0.00000 0.00000 -0.00000 -0.00000
0.00034 0.00000 0.00034 0.00034
0.00004 0.00000 0.00004 0.00004
0.00000 0.00000 0.00000 0.00000
-0.01493 0.00000 -0.01493 -0.01493
-0.01654 0.00000 -0.01654 -0.01654
0.01038 0.00000 0.01038 0.01038
0.00959 0.00000 0.00959 0.00959
0.00033 0.00000 0.00033 0.00033
