# avg	std	min	max
0.10428 0.00000 0.10428 0.10428
0.12578 0.00000 0.12578 0.12578
0.08067 0.00000 0.08067 0.08067
-0.01037 0.00000 -0.01037 -0.01037
-0.02506 0.00000 -0.02506 -0.02506
-0.14553 0.00000 -0.14553 -0.14553
-0.15376 0.00000 -0.15376 -0.15376
-0.73647 0.00000 -0.73647 -0.73647
0.13339 0.00000 0.13339 0.13339
0.11824 0.00000 0.11824 0.11824
0.09281 0.00000 0.09281 0.09281
0.08047 0.00000 0.08047 0.08047
-0.13310 0.00000 -0.13310 -0.13310
0.05821 0.00000 0.05821 0.05821
0.09495 0.00000 0.09495 0.09495
0.08179 0.00000 0.08179 0.08179
0.08493 0.00000 0.08493 0.08493
0.06913 0.00000 0.06913 0.06913
0.07607 0.00000 0.07607 0.07607
0.08813 0.00000 0.08813 0.08813
