# avg	std	min	max
0.00000 0.00000 0.00000 0.00000
0.00000 0.00000 0.00000 0.00000
0.00000 0.00000 0.00000 0.00000
0.00000 0.00000 0.00000 0.00000
0.00000 0.00000 0.00000 0.00000
0.00000 0.00000 0.00000 0.00000
0.00018 0.00000 0.00018 0.00018
-0.00128 0.00000 -0.00128 -0.00128
0.00000 0.00000 0.00000 0.00000
0.00000 0.00000 0.00000 0.00000
0.00000 0.00000 0.00000 0.00000
0.00000 0.00000 0.00000 0.00000
0.00322 0.00000 0.00322 0.00322
0.00000 0.00000 0.00000 0.00000
0.00000 0.00000 0.00000 0.00000
0.00098 0.00000 0.00098 0.00098
0.00049 0.00000 0.00049 0.00049
-0.00142 0.00000 -0.00142 -0.00142
-0.00173 0.00000 -0.00173 -0.00173
0.00000 0.00000 0.00000 0.00000
