# avg	std	min	max
-0.00066 0.00000 -0.00066 -0.00066
0.00000 0.00000 0.00000 0.00000
0.00000 0.00000 0.00000 0.00000
0.00000 0.00000 0.00000 0.00000
0.00000 0.00000 0.00000 0.00000
0.00000 0.00000 0.00000 0.00000
0.00000 0.00000 0.00000 0.00000
0.00000 0.00000 0.00000 0.00000
0.00000 0.00000 0.00000 0.00000
0.00000 0.00000 0.00000 0.00000
-0.00122 0.00000 -0.00122 -0.00122
0.00000 0.00000 0.00000 0.00000
0.00000 0.00000 0.00000 0.00000
0.00000 0.00000 0.00000 0.00000
0.00000 0.00000 0.00000 0.00000
-0.00398 0.00000 -0.00398 -0.00398
-0.00329 0.00000 -0.00329 -0.00329
0.00005 0.00000 0.00005 0.00005
0.00017 0.00000 0.00017 0.00017
0.00000 0.00000 0.00000 0.00000
