# avg	std	min	max
0.00000 0.00000 0.00000 0.00000
0.00005 0.00000 0.00005 0.00005
0.00021 0.00000 0.00021 0.00021
0.00000 0.00000 0.00000 0.00000
0.00009 0.00000 0.00009 0.00009
0.00000 0.00000 0.00000 0.00000
0.00139 0.00000 0.00139 0.00139
0.00074 0.00000 0.00074 0.00074
0.00010 0.00000 0.00010 0.00010
0.00008 0.00000 0.00008 0.00008
0.00024 0.00000 0.00024 0.00024
-0.00010 0.00000 -0.00010 -0.00010
0.00086 0.00000 0.00086 0.00086
0.00000 0.00000 0.00000 0.00000
0.00000 0.00000 0.00000 0.00000
-0.01587 0.00000 -0.01587 -0.01587
-0.01466 0.00000 -0.01466 -0.01466
0.01156 0.00000 0.01156 0.01156
0.01857 0.00000 0.01857 0.01857
-0.00000 0.00000 -0.00000 -0.00000
