# avg	std	min	max
0.13783 0.00000 0.13783 0.13783
0.10757 0.00000 0.10757 0.10757
0.01102 0.00000 0.01102 0.01102
0.01452 0.00000 0.01452 0.01452
0.11005 0.00000 0.11005 0.11005
-0.00452 0.00000 -0.00452 -0.00452
-0.00503 0.00000 -0.00503 -0.00503
0.26199 0.00000 0.26199 0.26199
1.00321 0.00000 1.00321 1.00321
-0.05597 0.00000 -0.05597 -0.05597
0.09205 0.00000 0.09205 0.09205
0.10400 0.00000 0.10400 0.10400
0.16905 0.00000 0.16905 0.16905
0.02402 0.00000 0.02402 0.02402
-0.02519 0.00000 -0.02519 -0.02519
0.42452 0.00000 0.42452 0.42452
0.47089 0.00000 0.47089 0.47089
-0.16796 0.00000 -0.16796 -0.16796
-0.41820 0.00000 -0.41820 -0.41820
0.17450 0.00000 0.17450 0.17450
