# avg	std	min	max
-0.15743 0.00000 -0.15743 -0.15743
0.13077 0.00000 0.13077 0.13077
-0.02045 0.00000 -0.02045 -0.02045
0.01566 0.00000 0.01566 0.01566
0.02324 0.00000 0.02324 0.02324
0.01995 0.00000 0.01995 0.01995
-0.01590 0.00000 -0.01590 -0.01590
0.11223 0.00000 0.11223 0.11223
-0.23777 0.00000 -0.23777 -0.23777
-0.51531 0.00000 -0.51531 -0.51531
-0.46286 0.00000 -0.46286 -0.46286
0.07718 0.00000 0.07718 0.07718
-0.26326 0.00000 -0.26326 -0.26326
0.00087 0.00000 0.00087 0.00087
-0.27038 0.00000 -0.27038 -0.27038
-0.14308 0.00000 -0.14308 -0.14308
0.01973 0.00000 0.01973 0.01973
0.08336 0.00000 0.08336 0.08336
-0.06420 0.00000 -0.06420 -0.06420
0.05319 0.00000 0.05319 0.05319
