# avg	std	min	max
0.04880 0.00000 0.04880 0.04880
0.03572 0.00000 0.03572 0.03572
-0.07815 0.00000 -0.07815 -0.07815
-0.07134 0.00000 -0.07134 -0.07134
-0.15359 0.00000 -0.15359 -0.15359
-0.04348 0.00000 -0.04348 -0.04348
-0.50209 0.00000 -0.50209 -0.50209
-0.56682 0.00000 -0.56682 -0.56682
-0.01535 0.00000 -0.01535 -0.01535
-0.22728 0.00000 -0.22728 -0.22728
-0.01496 0.00000 -0.01496 -0.01496
-0.01983 0.00000 -0.01983 -0.01983
-0.46018 0.00000 -0.46018 -0.46018
-0.00003 0.00000 -0.00003 -0.00003
-0.11559 0.00000 -0.11559 -0.11559
-0.60219 0.00000 -0.60219 -0.60219
-0.04169 0.00000 -0.04169 -0.04169
-0.30613 0.00000 -0.30613 -0.30613
-0.28261 0.00000 -0.28261 -0.28261
-0.10408 0.00000 -0.10408 -0.10408
