# avg	std	min	max
0.00001 0.00000 0.00001 0.00001
0.00000 0.00000 0.00000 0.00000
0.00000 0.00000 0.00000 0.00000
0.00000 0.00000 0.00000 0.00000
0.00000 0.00000 0.00000 0.00000
-0.00000 0.00000 -0.00000 -0.00000
0.00000 0.00000 0.00000 0.00000
0.00000 0.00000 0.00000 0.00000
0.00053 0.00000 0.00053 0.00053
0.00001 0.00000 0.00001 0.00001
0.00000 0.00000 0.00000 0.00000
0.00000 0.00000 0.00000 0.00000
0.00000 0.00000 0.00000 0.00000
0.00000 0.00000 0.00000 0.00000
0.00000 0.00000 0.00000 0.00000
0.00000 0.00000 0.00000 0.00000
0.01944 0.00000 0.01944 0.01944
-0.00149 0.00000 -0.00149 -0.00149
-0.00145 0.00000 -0.00145 -0.00145
0.00000 0.00000 0.00000 0.00000
