# avg	std	min	max
0.00000 0.00000 0.00000 0.00000
-0.00123 0.00000 -0.00123 -0.00123
-0.00060 0.00000 -0.00060 -0.00060
-0.00187 0.00000 -0.00187 -0.00187
-0.00066 0.00000 -0.00066 -0.00066
-0.00132 0.00000 -0.00132 -0.00132
0.00000 0.00000 0.00000 0.00000
-0.00066 0.00000 -0.00066 -0.00066
-0.00198 0.00000 -0.00198 -0.00198
0.00059 0.00000 0.00059 0.00059
-0.00074 0.00000 -0.00074 -0.00074
-0.00001 0.00000 -0.00001 -0.00001
-0.00124 0.00000 -0.00124 -0.00124
0.00000 0.00000 0.00000 0.00000
0.00000 0.00000 0.00000 0.00000
-0.00066 0.00000 -0.00066 -0.00066
0.00000 0.00000 0.00000 0.00000
-0.00009 0.00000 -0.00009 -0.00009
0.00000 0.00000 0.00000 0.00000
-0.00066 0.00000 -0.00066 -0.00066
