# avg	std	min	max
0.00000 0.00000 0.00000 0.00000
0.00000 0.00000 0.00000 0.00000
0.00000 0.00000 0.00000 0.00000
0.00311 0.00000 0.00311 0.00311
0.00198 0.00000 0.00198 0.00198
0.00186 0.00000 0.00186 0.00186
0.00000 0.00000 0.00000 0.00000
0.00000 0.00000 0.00000 0.00000
0.00000 0.00000 0.00000 0.00000
0.00000 0.00000 0.00000 0.00000
0.00000 0.00000 0.00000 0.00000
0.00000 0.00000 0.00000 0.00000
0.00000 0.00000 0.00000 0.00000
0.00000 0.00000 0.00000 0.00000
0.00000 0.00000 0.00000 0.00000
-0.01132 0.00000 -0.01132 -0.01132
-0.00522 0.00000 -0.00522 -0.00522
0.00000 0.00000 0.00000 0.00000
0.00745 0.00000 0.00745 0.00745
0.00000 0.00000 0.00000 0.00000
