# avg	std	min	max
-0.00039 0.00000 -0.00039 -0.00039
-0.00020 0.00000 -0.00020 -0.00020
0.00017 0.00000 0.00017 0.00017
-0.00006 0.00000 -0.00006 -0.00006
-0.00040 0.00000 -0.00040 -0.00040
0.00007 0.00000 0.00007 0.00007
0.00001 0.00000 0.00001 0.00001
0.00000 0.00000 0.00000 0.00000
0.00000 0.00000 0.00000 0.00000
-0.00039 0.00000 -0.00039 -0.00039
0.00000 0.00000 0.00000 0.00000
-0.00038 0.00000 -0.00038 -0.00038
0.00000 0.00000 0.00000 0.00000
-0.00019 0.00000 -0.00019 -0.00019
0.00013 0.00000 0.00013 0.00013
-0.01555 0.00000 -0.01555 -0.01555
-0.02501 0.00000 -0.02501 -0.02501
0.01498 0.00000 0.01498 0.01498
0.02477 0.00000 0.02477 0.02477
0.00000 0.00000 0.00000 0.00000
