# avg	std	min	max
-0.00776 0.00000 -0.00776 -0.00776
-0.00000 0.00000 -0.00000 -0.00000
0.00000 0.00000 0.00000 0.00000
-0.00000 0.00000 -0.00000 -0.00000
0.00000 0.00000 0.00000 0.00000
0.00000 0.00000 0.00000 0.00000
0.00000 0.00000 0.00000 0.00000
-0.00000 0.00000 -0.00000 -0.00000
0.00002 0.00000 0.00002 0.00002
0.00000 0.00000 0.00000 0.00000
0.00000 0.00000 0.00000 0.00000
0.00000 0.00000 0.00000 0.00000
0.00000 0.00000 0.00000 0.00000
0.00000 0.00000 0.00000 0.00000
0.00000 0.00000 0.00000 0.00000
0.00701 0.00000 0.00701 0.00701
0.01570 0.00000 0.01570 0.01570
0.00039 0.00000 0.00039 0.00039
0.00000 0.00000 0.00000 0.00000
0.00000 0.00000 0.00000 0.00000
