# avg	std	min	max
0.04071 0.00000 0.04071 0.04071
0.03804 0.00000 0.03804 0.03804
0.06720 0.00000 0.06720 0.06720
0.10096 0.00000 0.10096 0.10096
0.09275 0.00000 0.09275 0.09275
-0.03542 0.00000 -0.03542 -0.03542
-0.03365 0.00000 -0.03365 -0.03365
-0.00728 0.00000 -0.00728 -0.00728
0.06055 0.00000 0.06055 0.06055
0.06616 0.00000 0.06616 0.06616
0.02876 0.00000 0.02876 0.02876
0.07609 0.00000 0.07609 0.07609
0.00803 0.00000 0.00803 0.00803
-0.06202 0.00000 -0.06202 -0.06202
0.00000 0.00000 0.00000 0.00000
-0.00096 0.00000 -0.00096 -0.00096
-0.00446 0.00000 -0.00446 -0.00446
0.04093 0.00000 0.04093 0.04093
-0.01087 0.00000 -0.01087 -0.01087
-0.06319 0.00000 -0.06319 -0.06319
