# avg	std	min	max
0.04165 0.00000 0.04165 0.04165
0.04641 0.00000 0.04641 0.04641
0.03691 0.00000 0.03691 0.03691
0.04433 0.00000 0.04433 0.04433
0.03015 0.00000 0.03015 0.03015
0.04300 0.00000 0.04300 0.04300
0.06457 0.00000 0.06457 0.06457
0.02787 0.00000 0.02787 0.02787
0.04502 0.00000 0.04502 0.04502
0.04515 0.00000 0.04515 0.04515
0.03882 0.00000 0.03882 0.03882
0.04144 0.00000 0.04144 0.04144
0.03225 0.00000 0.03225 0.03225
0.04638 0.00000 0.04638 0.04638
0.04354 0.00000 0.04354 0.04354
0.05208 0.00000 0.05208 0.05208
0.06355 0.00000 0.06355 0.06355
0.02310 0.00000 0.02310 0.02310
0.00024 0.00000 0.00024 0.00024
0.03740 0.00000 0.03740 0.03740
