# avg	std	min	max
-0.07866 0.00000 -0.07866 -0.07866
-0.06340 0.00000 -0.06340 -0.06340
0.00401 0.00000 0.00401 0.00401
-0.05953 0.00000 -0.05953 -0.05953
-0.03338 0.00000 -0.03338 -0.03338
-0.01136 0.00000 -0.01136 -0.01136
-0.13846 0.00000 -0.13846 -0.13846
-0.01877 0.00000 -0.01877 -0.01877
0.09268 0.00000 0.09268 0.09268
-0.09922 0.00000 -0.09922 -0.09922
0.01196 0.00000 0.01196 0.01196
-0.08533 0.00000 -0.08533 -0.08533
-0.11495 0.00000 -0.11495 -0.11495
-0.08118 0.00000 -0.08118 -0.08118
-0.03321 0.00000 -0.03321 -0.03321
-0.11372 0.00000 -0.11372 -0.11372
-0.10549 0.00000 -0.10549 -0.10549
-0.06303 0.00000 -0.06303 -0.06303
-0.00019 0.00000 -0.00019 -0.00019
-0.06447 0.00000 -0.06447 -0.06447
