# avg	std	min	max
0.00020 0.00000 0.00020 0.00020
0.00004 0.00000 0.00004 0.00004
-0.00013 0.00000 -0.00013 -0.00013
0.00781 0.00000 0.00781 0.00781
0.00026 0.00000 0.00026 0.00026
-0.00009 0.00000 -0.00009 -0.00009
0.00015 0.00000 0.00015 0.00015
0.00015 0.00000 0.00015 0.00015
-0.00021 0.00000 -0.00021 -0.00021
0.00000 0.00000 0.00000 0.00000
0.00020 0.00000 0.00020 0.00020
-0.00016 0.00000 -0.00016 -0.00016
0.00010 0.00000 0.00010 0.00010
-0.00001 0.00000 -0.00001 -0.00001
-0.00006 0.00000 -0.00006 -0.00006
0.02703 0.00000 0.02703 0.02703
0.00316 0.00000 0.00316 0.00316
-0.00008 0.00000 -0.00008 -0.00008
-0.00002 0.00000 -0.00002 -0.00002
0.00021 0.00000 0.00021 0.00021
