# avg	std	min	max
0.00003 0.00000 0.00003 0.00003
-0.00001 0.00000 -0.00001 -0.00001
-0.00011 0.00000 -0.00011 -0.00011
-0.00290 0.00000 -0.00290 -0.00290
-0.00011 0.00000 -0.00011 -0.00011
-0.00013 0.00000 -0.00013 -0.00013
-0.00005 0.00000 -0.00005 -0.00005
-0.00379 0.00000 -0.00379 -0.00379
-0.00003 0.00000 -0.00003 -0.00003
0.00000 0.00000 0.00000 0.00000
-0.00004 0.00000 -0.00004 -0.00004
-0.00005 0.00000 -0.00005 -0.00005
-0.01248 0.00000 -0.01248 -0.01248
-0.00001 0.00000 -0.00001 -0.00001
-0.00005 0.00000 -0.00005 -0.00005
-0.00782 0.00000 -0.00782 -0.00782
-0.00872 0.00000 -0.00872 -0.00872
0.00063 0.00000 0.00063 0.00063
-0.00270 0.00000 -0.00270 -0.00270
0.00026 0.00000 0.00026 0.00026
