# avg	std	min	max
0.00000 0.00000 0.00000 0.00000
0.00000 0.00000 0.00000 0.00000
-0.00004 0.00000 -0.00004 -0.00004
0.00000 0.00000 0.00000 0.00000
-0.00004 0.00000 -0.00004 -0.00004
-0.00003 0.00000 -0.00003 -0.00003
-0.00011 0.00000 -0.00011 -0.00011
-0.00022 0.00000 -0.00022 -0.00022
0.00000 0.00000 0.00000 0.00000
0.00000 0.00000 0.00000 0.00000
-0.00002 0.00000 -0.00002 -0.00002
0.00000 0.00000 0.00000 0.00000
-0.00014 0.00000 -0.00014 -0.00014
0.00000 0.00000 0.00000 0.00000
-0.00002 0.00000 -0.00002 -0.00002
-0.00117 0.00000 -0.00117 -0.00117
-0.00360 0.00000 -0.00360 -0.00360
-0.00004 0.00000 -0.00004 -0.00004
-0.00605 0.00000 -0.00605 -0.00605
-0.00007 0.00000 -0.00007 -0.00007
