# avg	std	min	max
-0.00165 0.00000 -0.00165 -0.00165
0.00000 0.00000 0.00000 0.00000
-0.00137 0.00000 -0.00137 -0.00137
0.03537 0.00000 0.03537 0.03537
-0.00229 0.00000 -0.00229 -0.00229
0.00003 0.00000 0.00003 0.00003
-0.02187 0.00000 -0.02187 -0.02187
0.00016 0.00000 0.00016 0.00016
0.00000 0.00000 0.00000 0.00000
0.00000 0.00000 0.00000 0.00000
-0.00167 0.00000 -0.00167 -0.00167
0.00000 0.00000 0.00000 0.00000
-0.02784 0.00000 -0.02784 -0.02784
-0.00836 0.00000 -0.00836 -0.00836
-0.00418 0.00000 -0.00418 -0.00418
0.08657 0.00000 0.08657 0.08657
0.07736 0.00000 0.07736 0.07736
-0.12092 0.00000 -0.12092 -0.12092
-0.10892 0.00000 -0.10892 -0.10892
-0.02508 0.00000 -0.02508 -0.02508
