# avg	std	min	max
-0.05416 0.00000 -0.05416 -0.05416
0.01062 0.00000 0.01062 0.01062
0.06653 0.00000 0.06653 0.06653
0.03910 0.00000 0.03910 0.03910
0.08203 0.00000 0.08203 0.08203
0.02818 0.00000 0.02818 0.02818
0.16221 0.00000 0.16221 0.16221
0.04406 0.00000 0.04406 0.04406
0.10395 0.00000 0.10395 0.10395
-0.00138 0.00000 -0.00138 -0.00138
-0.00339 0.00000 -0.00339 -0.00339
0.02298 0.00000 0.02298 0.02298
0.19036 0.00000 0.19036 0.19036
0.02720 0.00000 0.02720 0.02720
0.00647 0.00000 0.00647 0.00647
0.36753 0.00000 0.36753 0.36753
0.11194 0.00000 0.11194 0.11194
-0.01605 0.00000 -0.01605 -0.01605
-0.04210 0.00000 -0.04210 -0.04210
0.10133 0.00000 0.10133 0.10133
