# avg	std	min	max
-0.00466 0.00000 -0.00466 -0.00466
-0.06133 0.00000 -0.06133 -0.06133
-0.00001 0.00000 -0.00001 -0.00001
0.00002 0.00000 0.00002 0.00002
-0.00001 0.00000 -0.00001 -0.00001
0.00002 0.00000 0.00002 0.00002
0.00002 0.00000 0.00002 0.00002
0.00002 0.00000 0.00002 0.00002
-0.02841 0.00000 -0.02841 -0.02841
0.00002 0.00000 0.00002 0.00002
-0.00000 0.00000 -0.00000 -0.00000
0.00002 0.00000 0.00002 0.00002
0.00005 0.00000 0.00005 0.00005
0.00002 0.00000 0.00002 0.00002
0.00002 0.00000 0.00002 0.00002
0.09451 0.00000 0.09451 0.09451
0.09731 0.00000 0.09731 0.09731
0.00002 0.00000 0.00002 0.00002
-0.00778 0.00000 -0.00778 -0.00778
0.00002 0.00000 0.00002 0.00002
