# avg	std	min	max
0.00000 0.00000 0.00000 0.00000
0.00000 0.00000 0.00000 0.00000
0.00000 0.00000 0.00000 0.00000
0.00000 0.00000 0.00000 0.00000
0.00000 0.00000 0.00000 0.00000
0.00000 0.00000 0.00000 0.00000
0.01632 0.00000 0.01632 0.01632
0.00405 0.00000 0.00405 0.00405
0.11620 0.00000 0.11620 0.11620
0.00000 0.00000 0.00000 0.00000
0.00000 0.00000 0.00000 0.00000
0.00000 0.00000 0.00000 0.00000
0.00415 0.00000 0.00415 0.00415
0.00000 0.00000 0.00000 0.00000
0.00000 0.00000 0.00000 0.00000
0.01112 0.00000 0.01112 0.01112
0.00772 0.00000 0.00772 0.00772
-0.00034 0.00000 -0.00034 -0.00034
0.00241 0.00000 0.00241 0.00241
0.00000 0.00000 0.00000 0.00000
