# avg	std	min	max
0.16782 0.00000 0.16782 0.16782
0.09800 0.00000 0.09800 0.09800
-0.00042 0.00000 -0.00042 -0.00042
0.06539 0.00000 0.06539 0.06539
-0.01594 0.00000 -0.01594 -0.01594
-0.05970 0.00000 -0.05970 -0.05970
0.06303 0.00000 0.06303 0.06303
0.07205 0.00000 0.07205 0.07205
0.03812 0.00000 0.03812 0.03812
0.33157 0.00000 0.33157 0.33157
0.33302 0.00000 0.33302 0.33302
0.10781 0.00000 0.10781 0.10781
0.23924 0.00000 0.23924 0.23924
-0.06606 0.00000 -0.06606 -0.06606
0.02535 0.00000 0.02535 0.02535
-0.06006 0.00000 -0.06006 -0.06006
0.06748 0.00000 0.06748 0.06748
-0.05177 0.00000 -0.05177 -0.05177
0.23382 0.00000 0.23382 0.23382
0.13376 0.00000 0.13376 0.13376
