# avg	std	min	max
0.00355 0.00000 0.00355 0.00355
0.00355 0.00000 0.00355 0.00355
0.00000 0.00000 0.00000 0.00000
0.00352 0.00000 0.00352 0.00352
0.00000 0.00000 0.00000 0.00000
0.00990 0.00000 0.00990 0.00990
0.01449 0.00000 0.01449 0.01449
-0.02575 0.00000 -0.02575 -0.02575
0.00000 0.00000 0.00000 0.00000
0.00000 0.00000 0.00000 0.00000
0.00000 0.00000 0.00000 0.00000
0.00000 0.00000 0.00000 0.00000
-0.02654 0.00000 -0.02654 -0.02654
0.00000 0.00000 0.00000 0.00000
0.00000 0.00000 0.00000 0.00000
0.00924 0.00000 0.00924 0.00924
0.01372 0.00000 0.01372 0.01372
0.00893 0.00000 0.00893 0.00893
0.26649 0.00000 0.26649 0.26649
0.00000 0.00000 0.00000 0.00000
