# avg	std	min	max
0.04418 0.00000 0.04418 0.04418
0.51501 0.00000 0.51501 0.51501
-0.00036 0.00000 -0.00036 -0.00036
-0.43103 0.00000 -0.43103 -0.43103
-0.39562 0.00000 -0.39562 -0.39562
-0.50149 0.00000 -0.50149 -0.50149
-0.29835 0.00000 -0.29835 -0.29835
-0.62678 0.00000 -0.62678 -0.62678
0.18782 0.00000 0.18782 0.18782
0.44816 0.00000 0.44816 0.44816
0.04923 0.00000 0.04923 0.04923
-0.08125 0.00000 -0.08125 -0.08125
-0.25287 0.00000 -0.25287 -0.25287
-0.09669 0.00000 -0.09669 -0.09669
-0.03002 0.00000 -0.03002 -0.03002
-0.15299 0.00000 -0.15299 -0.15299
-0.51441 0.00000 -0.51441 -0.51441
-0.02431 0.00000 -0.02431 -0.02431
0.07813 0.00000 0.07813 0.07813
-0.07391 0.00000 -0.07391 -0.07391
