# avg	std	min	max
0.00000 0.00000 0.00000 0.00000
0.00000 0.00000 0.00000 0.00000
0.00000 0.00000 0.00000 0.00000
-0.00001 0.00000 -0.00001 -0.00001
0.00000 0.00000 0.00000 0.00000
-0.00018 0.00000 -0.00018 -0.00018
-0.00002 0.00000 -0.00002 -0.00002
-0.00062 0.00000 -0.00062 -0.00062
0.00000 0.00000 0.00000 0.00000
0.00000 0.00000 0.00000 0.00000
0.00000 0.00000 0.00000 0.00000
0.00000 0.00000 0.00000 0.00000
-0.00050 0.00000 -0.00050 -0.00050
0.00000 0.00000 0.00000 0.00000
0.00000 0.00000 0.00000 0.00000
-0.00075 0.00000 -0.00075 -0.00075
-0.00213 0.00000 -0.00213 -0.00213
-0.00105 0.00000 -0.00105 -0.00105
-0.00217 0.00000 -0.00217 -0.00217
0.00000 0.00000 0.00000 0.00000
