# avg	std	min	max
0.17370 0.00000 0.17370 0.17370
0.14358 0.00000 0.14358 0.14358
0.00644 0.00000 0.00644 0.00644
0.13403 0.00000 0.13403 0.13403
0.01661 0.00000 0.01661 0.01661
-0.03739 0.00000 -0.03739 -0.03739
-0.13215 0.00000 -0.13215 -0.13215
0.23708 0.00000 0.23708 0.23708
0.06600 0.00000 0.06600 0.06600
0.17790 0.00000 0.17790 0.17790
0.08336 0.00000 0.08336 0.08336
0.08917 0.00000 0.08917 0.08917
0.12635 0.00000 0.12635 0.12635
0.12661 0.00000 0.12661 0.12661
0.20627 0.00000 0.20627 0.20627
0.47572 0.00000 0.47572 0.47572
0.37278 0.00000 0.37278 0.37278
-0.27198 0.00000 -0.27198 -0.27198
-0.53661 0.00000 -0.53661 -0.53661
0.32163 0.00000 0.32163 0.32163
