# avg	std	min	max
0.02406 0.00000 0.02406 0.02406
0.00850 0.00000 0.00850 0.00850
-0.03732 0.00000 -0.03732 -0.03732
-0.01660 0.00000 -0.01660 -0.01660
-0.09926 0.00000 -0.09926 -0.09926
-0.01055 0.00000 -0.01055 -0.01055
-0.00243 0.00000 -0.00243 -0.00243
-0.01878 0.00000 -0.01878 -0.01878
0.02389 0.00000 0.02389 0.02389
-0.07568 0.00000 -0.07568 -0.07568
-0.01017 0.00000 -0.01017 -0.01017
0.00960 0.00000 0.00960 0.00960
0.00007 0.00000 0.00007 0.00007
-0.06051 0.00000 -0.06051 -0.06051
-0.15443 0.00000 -0.15443 -0.15443
0.07075 0.00000 0.07075 0.07075
0.04039 0.00000 0.04039 0.04039
-0.02331 0.00000 -0.02331 -0.02331
-0.02061 0.00000 -0.02061 -0.02061
-0.00622 0.00000 -0.00622 -0.00622
