# avg	std	min	max
0.01844 0.00000 0.01844 0.01844
0.01410 0.00000 0.01410 0.01410
0.01211 0.00000 0.01211 0.01211
0.00179 0.00000 0.00179 0.00179
0.00703 0.00000 0.00703 0.00703
0.00441 0.00000 0.00441 0.00441
0.00161 0.00000 0.00161 0.00161
-0.00118 0.00000 -0.00118 -0.00118
0.00863 0.00000 0.00863 0.00863
0.02132 0.00000 0.02132 0.02132
0.00844 0.00000 0.00844 0.00844
0.01284 0.00000 0.01284 0.01284
-0.00070 0.00000 -0.00070 -0.00070
-0.01688 0.00000 -0.01688 -0.01688
0.01118 0.00000 0.01118 0.01118
0.62963 0.00000 0.62963 0.62963
0.14677 0.00000 0.14677 0.14677
-0.06939 0.00000 -0.06939 -0.06939
-0.17000 0.00000 -0.17000 -0.17000
0.00507 0.00000 0.00507 0.00507
