# avg	std	min	max
-0.00601 0.00000 -0.00601 -0.00601
0.00000 0.00000 0.00000 0.00000
0.00229 0.00000 0.00229 0.00229
-0.02364 0.00000 -0.02364 -0.02364
0.28642 0.00000 0.28642 0.28642
0.02543 0.00000 0.02543 0.02543
0.69104 0.00000 0.69104 0.69104
0.93827 0.00000 0.93827 0.93827
0.09298 0.00000 0.09298 0.09298
-0.00770 0.00000 -0.00770 -0.00770
-0.01215 0.00000 -0.01215 -0.01215
-0.04844 0.00000 -0.04844 -0.04844
1.41059 0.00000 1.41059 1.41059
0.14375 0.00000 0.14375 0.14375
-0.00430 0.00000 -0.00430 -0.00430
0.24861 0.00000 0.24861 0.24861
0.37574 0.00000 0.37574 0.37574
-0.26054 0.00000 -0.26054 -0.26054
-0.24790 0.00000 -0.24790 -0.24790
0.43310 0.00000 0.43310 0.43310
