# avg	std	min	max
1.18252 0.00000 1.18252 1.18252
0.00000 0.00000 0.00000 0.00000
-1.66655 0.00000 -1.66655 -1.66655
-1.11015 0.00000 -1.11015 -1.11015
-0.39684 0.00000 -0.39684 -0.39684
0.71555 0.00000 0.71555 0.71555
3.32307 0.00000 3.32307 3.32307
5.08398 0.00000 5.08398 5.08398
1.34633 0.00000 1.34633 1.34633
-0.49117 0.00000 -0.49117 -0.49117
-1.16458 0.00000 -1.16458 -1.16458
-0.89541 0.00000 -0.89541 -0.89541
3.64682 0.00000 3.64682 3.64682
1.11528 0.00000 1.11528 1.11528
1.46084 0.00000 1.46084 1.46084
3.20804 0.00000 3.20804 3.20804
3.18174 0.00000 3.18174 3.18174
0.95554 0.00000 0.95554 0.95554
1.14890 0.00000 1.14890 1.14890
2.46441 0.00000 2.46441 2.46441
