# avg	std	min	max
-0.02447 0.00000 -0.02447 -0.02447
-0.02433 0.00000 -0.02433 -0.02433
-0.01992 0.00000 -0.01992 -0.01992
-0.02230 0.00000 -0.02230 -0.02230
-0.02002 0.00000 -0.02002 -0.02002
-0.02449 0.00000 -0.02449 -0.02449
-0.02489 0.00000 -0.02489 -0.02489
-0.02651 0.00000 -0.02651 -0.02651
-0.02452 0.00000 -0.02452 -0.02452
-0.02447 0.00000 -0.02447 -0.02447
-0.02441 0.00000 -0.02441 -0.02441
-0.01972 0.00000 -0.01972 -0.01972
-0.02239 0.00000 -0.02239 -0.02239
-0.02335 0.00000 -0.02335 -0.02335
-0.02441 0.00000 -0.02441 -0.02441
-0.00018 0.00000 -0.00018 -0.00018
-0.02503 0.00000 -0.02503 -0.02503
-0.03456 0.00000 -0.03456 -0.03456
-0.04341 0.00000 -0.04341 -0.04341
-0.02062 0.00000 -0.02062 -0.02062
