# avg	std	min	max
-0.18117 0.00000 -0.18117 -0.18117
-0.22921 0.00000 -0.22921 -0.22921
-0.28217 0.00000 -0.28217 -0.28217
-0.27291 0.00000 -0.27291 -0.27291
-0.35946 0.00000 -0.35946 -0.35946
-0.34588 0.00000 -0.34588 -0.34588
-0.30001 0.00000 -0.30001 -0.30001
-0.29021 0.00000 -0.29021 -0.29021
-0.29362 0.00000 -0.29362 -0.29362
-0.47548 0.00000 -0.47548 -0.47548
-0.26902 0.00000 -0.26902 -0.26902
-0.23883 0.00000 -0.23883 -0.23883
-0.31828 0.00000 -0.31828 -0.31828
-0.18748 0.00000 -0.18748 -0.18748
-0.59897 0.00000 -0.59897 -0.59897
0.05141 0.00000 0.05141 0.05141
-0.11288 0.00000 -0.11288 -0.11288
-0.46082 0.00000 -0.46082 -0.46082
-0.63357 0.00000 -0.63357 -0.63357
-0.57252 0.00000 -0.57252 -0.57252
