# avg	std	min	max
0.37393 0.00000 0.37393 0.37393
0.20566 0.00000 0.20566 0.20566
-0.86729 0.00000 -0.86729 -0.86729
-1.14464 0.00000 -1.14464 -1.14464
-0.11159 0.00000 -0.11159 -0.11159
-0.45262 0.00000 -0.45262 -0.45262
-0.02238 0.00000 -0.02238 -0.02238
1.88931 0.00000 1.88931 1.88931
-0.50793 0.00000 -0.50793 -0.50793
0.14487 0.00000 0.14487 0.14487
-0.30293 0.00000 -0.30293 -0.30293
-0.40809 0.00000 -0.40809 -0.40809
0.42764 0.00000 0.42764 0.42764
-0.01210 0.00000 -0.01210 -0.01210
-0.44516 0.00000 -0.44516 -0.44516
0.18562 0.00000 0.18562 0.18562
0.14633 0.00000 0.14633 0.14633
-0.81049 0.00000 -0.81049 -0.81049
-0.75158 0.00000 -0.75158 -0.75158
1.19429 0.00000 1.19429 1.19429
