# avg	std	min	max
-0.05684 0.00000 -0.05684 -0.05684
-0.05142 0.00000 -0.05142 -0.05142
-0.06727 0.00000 -0.06727 -0.06727
-0.05225 0.00000 -0.05225 -0.05225
-0.05109 0.00000 -0.05109 -0.05109
-0.05324 0.00000 -0.05324 -0.05324
-0.03473 0.00000 -0.03473 -0.03473
-0.01492 0.00000 -0.01492 -0.01492
-0.05790 0.00000 -0.05790 -0.05790
-0.05208 0.00000 -0.05208 -0.05208
-0.05237 0.00000 -0.05237 -0.05237
-0.05203 0.00000 -0.05203 -0.05203
-0.03552 0.00000 -0.03552 -0.03552
-0.05799 0.00000 -0.05799 -0.05799
-0.05171 0.00000 -0.05171 -0.05171
-0.00496 0.00000 -0.00496 -0.00496
-0.00042 0.00000 -0.00042 -0.00042
-0.07254 0.00000 -0.07254 -0.07254
-0.07650 0.00000 -0.07650 -0.07650
-0.05186 0.00000 -0.05186 -0.05186
