# avg	std	min	max
0.01850 0.00000 0.01850 0.01850
0.00735 0.00000 0.00735 0.00735
0.02280 0.00000 0.02280 0.02280
-0.01878 0.00000 -0.01878 -0.01878
0.02465 0.00000 0.02465 0.02465
-0.00841 0.00000 -0.00841 -0.00841
0.00041 0.00000 0.00041 0.00041
0.01254 0.00000 0.01254 0.01254
0.01730 0.00000 0.01730 0.01730
0.01588 0.00000 0.01588 0.01588
0.02690 0.00000 0.02690 0.02690
0.02419 0.00000 0.02419 0.02419
0.00257 0.00000 0.00257 0.00257
0.00398 0.00000 0.00398 0.00398
0.01281 0.00000 0.01281 0.01281
0.22948 0.00000 0.22948 0.22948
0.19424 0.00000 0.19424 0.19424
-0.06919 0.00000 -0.06919 -0.06919
-0.10199 0.00000 -0.10199 -0.10199
0.00507 0.00000 0.00507 0.00507
