# avg	std	min	max
0.00000 0.00000 0.00000 0.00000
0.06701 0.00000 0.06701 0.06701
1.24346 0.00000 1.24346 1.24346
1.97161 0.00000 1.97161 1.97161
1.45585 0.00000 1.45585 1.45585
0.02452 0.00000 0.02452 0.02452
2.41100 0.00000 2.41100 2.41100
6.10226 0.00000 6.10226 6.10226
0.10590 0.00000 0.10590 0.10590
0.11218 0.00000 0.11218 0.11218
0.42165 0.00000 0.42165 0.42165
0.40165 0.00000 0.40165 0.40165
1.54636 0.00000 1.54636 1.54636
1.13422 0.00000 1.13422 1.13422
1.07747 0.00000 1.07747 1.07747
3.43849 0.00000 3.43849 3.43849
2.14120 0.00000 2.14120 2.14120
0.98881 0.00000 0.98881 0.98881
0.36576 0.00000 0.36576 0.36576
2.96804 0.00000 2.96804 2.96804
