# avg	std	min	max
0.00000 0.00000 0.00000 0.00000
-0.00273 0.00000 -0.00273 -0.00273
-0.00159 0.00000 -0.00159 -0.00159
0.00436 0.00000 0.00436 0.00436
-0.00024 0.00000 -0.00024 -0.00024
-0.00149 0.00000 -0.00149 -0.00149
0.00663 0.00000 0.00663 0.00663
0.00480 0.00000 0.00480 0.00480
0.00044 0.00000 0.00044 0.00044
-0.00466 0.00000 -0.00466 -0.00466
-0.00243 0.00000 -0.00243 -0.00243
-0.00360 0.00000 -0.00360 -0.00360
0.00355 0.00000 0.00355 0.00355
0.00068 0.00000 0.00068 0.00068
0.00227 0.00000 0.00227 0.00227
0.01831 0.00000 0.01831 0.01831
0.00009 0.00000 0.00009 0.00009
0.00029 0.00000 0.00029 0.00029
0.00098 0.00000 0.00098 0.00098
0.00178 0.00000 0.00178 0.00178
