# avg	std	min	max
0.00000 0.00000 0.00000 0.00000
-0.00612 0.00000 -0.00612 -0.00612
0.10666 0.00000 0.10666 0.10666
0.11496 0.00000 0.11496 0.11496
0.05084 0.00000 0.05084 0.05084
0.04394 0.00000 0.04394 0.04394
0.19339 0.00000 0.19339 0.19339
0.28256 0.00000 0.28256 0.28256
0.12464 0.00000 0.12464 0.12464
0.04897 0.00000 0.04897 0.04897
0.05853 0.00000 0.05853 0.05853
0.05414 0.00000 0.05414 0.05414
0.26217 0.00000 0.26217 0.26217
0.02871 0.00000 0.02871 0.02871
-0.14162 0.00000 -0.14162 -0.14162
0.46704 0.00000 0.46704 0.46704
0.31390 0.00000 0.31390 0.31390
-0.31353 0.00000 -0.31353 -0.31353
-0.26477 0.00000 -0.26477 -0.26477
-0.91717 0.00000 -0.91717 -0.91717
