# avg	std	min	max
1.75141 0.00000 1.75141 1.75141
1.59630 0.00000 1.59630 1.59630
0.09008 0.00000 0.09008 0.09008
0.25417 0.00000 0.25417 0.25417
-0.00690 0.00000 -0.00690 -0.00690
0.77682 0.00000 0.77682 0.77682
1.89933 0.00000 1.89933 1.89933
3.52249 0.00000 3.52249 3.52249
1.51122 0.00000 1.51122 1.51122
0.86882 0.00000 0.86882 0.86882
0.16249 0.00000 0.16249 0.16249
1.08902 0.00000 1.08902 1.08902
3.23114 0.00000 3.23114 3.23114
1.31178 0.00000 1.31178 1.31178
1.41302 0.00000 1.41302 1.41302
2.31390 0.00000 2.31390 2.31390
1.44210 0.00000 1.44210 1.44210
1.02598 0.00000 1.02598 1.02598
1.13878 0.00000 1.13878 1.13878
1.24714 0.00000 1.24714 1.24714
