# avg	std	min	max
0.47425 0.00000 0.47425 0.47425
0.51145 0.00000 0.51145 0.51145
0.54568 0.00000 0.54568 0.54568
0.28444 0.00000 0.28444 0.28444
0.06530 0.00000 0.06530 0.06530
0.07963 0.00000 0.07963 0.07963
-0.38495 0.00000 -0.38495 -0.38495
0.86091 0.00000 0.86091 0.86091
1.24829 0.00000 1.24829 1.24829
0.77316 0.00000 0.77316 0.77316
0.64159 0.00000 0.64159 0.64159
0.61879 0.00000 0.61879 0.61879
-0.01496 0.00000 -0.01496 -0.01496
0.81640 0.00000 0.81640 0.81640
0.44483 0.00000 0.44483 0.44483
1.21381 0.00000 1.21381 1.21381
0.62566 0.00000 0.62566 0.62566
-0.02856 0.00000 -0.02856 -0.02856
0.28934 0.00000 0.28934 0.28934
0.43070 0.00000 0.43070 0.43070
