# avg	std	min	max
0.00032 0.00000 0.00032 0.00032
0.00000 0.00000 0.00000 0.00000
-0.00129 0.00000 -0.00129 -0.00129
0.00000 0.00000 0.00000 0.00000
-0.00279 0.00000 -0.00279 -0.00279
-0.00105 0.00000 -0.00105 -0.00105
0.00000 0.00000 0.00000 0.00000
0.00000 0.00000 0.00000 0.00000
0.00043 0.00000 0.00043 0.00043
0.00028 0.00000 0.00028 0.00028
0.00000 0.00000 0.00000 0.00000
0.00000 0.00000 0.00000 0.00000
-0.00018 0.00000 -0.00018 -0.00018
0.00000 0.00000 0.00000 0.00000
-0.00733 0.00000 -0.00733 -0.00733
-0.01193 0.00000 -0.01193 -0.01193
-0.00772 0.00000 -0.00772 -0.00772
0.00013 0.00000 0.00013 0.00013
0.00910 0.00000 0.00910 0.00910
0.00050 0.00000 0.00050 0.00050
