# avg	std	min	max
0.10591 0.00000 0.10591 0.10591
0.10637 0.00000 0.10637 0.10637
0.10830 0.00000 0.10830 0.10830
0.00162 0.00000 0.00162 0.00162
0.04285 0.00000 0.04285 0.04285
-0.01765 0.00000 -0.01765 -0.01765
-0.03766 0.00000 -0.03766 -0.03766
0.37311 0.00000 0.37311 0.37311
0.10597 0.00000 0.10597 0.10597
0.11138 0.00000 0.11138 0.11138
0.12184 0.00000 0.12184 0.12184
0.10714 0.00000 0.10714 0.10714
-0.18654 0.00000 -0.18654 -0.18654
0.09396 0.00000 0.09396 0.09396
0.02745 0.00000 0.02745 0.02745
0.15326 0.00000 0.15326 0.15326
0.13440 0.00000 0.13440 0.13440
-0.08420 0.00000 -0.08420 -0.08420
-0.11633 0.00000 -0.11633 -0.11633
-0.02930 0.00000 -0.02930 -0.02930
