# avg	std	min	max
0.00510 0.00000 0.00510 0.00510
-0.00004 0.00000 -0.00004 -0.00004
-0.00061 0.00000 -0.00061 -0.00061
-0.00058 0.00000 -0.00058 -0.00058
-0.00477 0.00000 -0.00477 -0.00477
-0.00246 0.00000 -0.00246 -0.00246
-0.00805 0.00000 -0.00805 -0.00805
-0.00010 0.00000 -0.00010 -0.00010
-0.02510 0.00000 -0.02510 -0.02510
-0.02836 0.00000 -0.02836 -0.02836
-0.01474 0.00000 -0.01474 -0.01474
-0.00001 0.00000 -0.00001 -0.00001
-0.00801 0.00000 -0.00801 -0.00801
0.00000 0.00000 0.00000 0.00000
-0.00085 0.00000 -0.00085 -0.00085
0.05063 0.00000 0.05063 0.05063
0.06202 0.00000 0.06202 0.06202
-0.02686 0.00000 -0.02686 -0.02686
0.00679 0.00000 0.00679 0.00679
-0.00002 0.00000 -0.00002 -0.00002
