# avg	std	min	max
0.41937 0.00000 0.41937 0.41937
0.03598 0.00000 0.03598 0.03598
-0.03809 0.00000 -0.03809 -0.03809
0.08095 0.00000 0.08095 0.08095
-0.08491 0.00000 -0.08491 -0.08491
0.05543 0.00000 0.05543 0.05543
0.13974 0.00000 0.13974 0.13974
0.05326 0.00000 0.05326 0.05326
0.05005 0.00000 0.05005 0.05005
-0.00748 0.00000 -0.00748 -0.00748
-0.13056 0.00000 -0.13056 -0.13056
-0.11785 0.00000 -0.11785 -0.11785
-0.00271 0.00000 -0.00271 -0.00271
0.00027 0.00000 0.00027 0.00027
0.02469 0.00000 0.02469 0.02469
0.04428 0.00000 0.04428 0.04428
0.15829 0.00000 0.15829 0.15829
-0.46757 0.00000 -0.46757 -0.46757
-0.48039 0.00000 -0.48039 -0.48039
-0.16847 0.00000 -0.16847 -0.16847
