# avg	std	min	max
0.30696 0.00000 0.30696 0.30696
0.24797 0.00000 0.24797 0.24797
0.15142 0.00000 0.15142 0.15142
0.25651 0.00000 0.25651 0.25651
-0.01206 0.00000 -0.01206 -0.01206
-0.17578 0.00000 -0.17578 -0.17578
-0.06589 0.00000 -0.06589 -0.06589
0.12970 0.00000 0.12970 0.12970
0.00007 0.00000 0.00007 0.00007
0.26568 0.00000 0.26568 0.26568
0.15197 0.00000 0.15197 0.15197
0.26189 0.00000 0.26189 0.26189
-0.07107 0.00000 -0.07107 -0.07107
-0.54947 0.00000 -0.54947 -0.54947
-0.81159 0.00000 -0.81159 -0.81159
0.46301 0.00000 0.46301 0.46301
0.38609 0.00000 0.38609 0.38609
-1.04010 0.00000 -1.04010 -1.04010
0.07390 0.00000 0.07390 0.07390
-0.00728 0.00000 -0.00728 -0.00728
