# avg	std	min	max
-0.01213 0.00000 -0.01213 -0.01213
0.01391 0.00000 0.01391 0.01391
-0.00567 0.00000 -0.00567 -0.00567
0.00313 0.00000 0.00313 0.00313
0.00983 0.00000 0.00983 0.00983
0.00139 0.00000 0.00139 0.00139
-0.01691 0.00000 -0.01691 -0.01691
0.00951 0.00000 0.00951 0.00951
-0.00433 0.00000 -0.00433 -0.00433
-0.00239 0.00000 -0.00239 -0.00239
-0.00628 0.00000 -0.00628 -0.00628
-0.00058 0.00000 -0.00058 -0.00058
-0.01217 0.00000 -0.01217 -0.01217
0.00856 0.00000 0.00856 0.00856
0.00000 0.00000 0.00000 0.00000
0.13672 0.00000 0.13672 0.13672
0.06132 0.00000 0.06132 0.06132
-0.02818 0.00000 -0.02818 -0.02818
-0.05732 0.00000 -0.05732 -0.05732
0.01604 0.00000 0.01604 0.01604
