# avg	std	min	max
0.00000 0.00000 0.00000 0.00000
0.00000 0.00000 0.00000 0.00000
0.00000 0.00000 0.00000 0.00000
0.00000 0.00000 0.00000 0.00000
-0.00178 0.00000 -0.00178 -0.00178
-0.00282 0.00000 -0.00282 -0.00282
0.00000 0.00000 0.00000 0.00000
-0.00594 0.00000 -0.00594 -0.00594
-0.00580 0.00000 -0.00580 -0.00580
0.00000 0.00000 0.00000 0.00000
-0.00325 0.00000 -0.00325 -0.00325
-0.00065 0.00000 -0.00065 -0.00065
-0.00031 0.00000 -0.00031 -0.00031
0.00000 0.00000 0.00000 0.00000
0.00000 0.00000 0.00000 0.00000
-0.00436 0.00000 -0.00436 -0.00436
-0.00806 0.00000 -0.00806 -0.00806
0.01198 0.00000 0.01198 0.01198
-0.00292 0.00000 -0.00292 -0.00292
0.01644 0.00000 0.01644 0.01644
