# avg	std	min	max
3.14925 0.00000 3.14925 3.14925
3.10017 0.00000 3.10017 3.10017
3.12943 0.00000 3.12943 3.12943
3.05630 0.00000 3.05630 3.05630
3.09732 0.00000 3.09732 3.09732
2.81399 0.00000 2.81399 2.81399
2.81172 0.00000 2.81172 2.81172
4.31255 0.00000 4.31255 4.31255
3.11641 0.00000 3.11641 3.11641
2.89295 0.00000 2.89295 2.89295
3.11450 0.00000 3.11450 3.11450
2.89826 0.00000 2.89826 2.89826
1.42757 0.00000 1.42757 1.42757
2.98123 0.00000 2.98123 2.98123
3.11493 0.00000 3.11493 3.11493
3.91143 0.00000 3.91143 3.91143
4.09829 0.00000 4.09829 4.09829
0.97360 0.00000 0.97360 0.97360
-0.02336 0.00000 -0.02336 -0.02336
1.91399 0.00000 1.91399 1.91399
