# avg	std	min	max
-0.00819 0.00000 -0.00819 -0.00819
-0.00967 0.00000 -0.00967 -0.00967
-0.00284 0.00000 -0.00284 -0.00284
0.00419 0.00000 0.00419 0.00419
-0.00212 0.00000 -0.00212 -0.00212
0.00411 0.00000 0.00411 0.00411
0.00462 0.00000 0.00462 0.00462
-0.00104 0.00000 -0.00104 -0.00104
-0.01210 0.00000 -0.01210 -0.01210
-0.00293 0.00000 -0.00293 -0.00293
0.00290 0.00000 0.00290 0.00290
-0.00243 0.00000 -0.00243 -0.00243
0.04671 0.00000 0.04671 0.04671
0.00273 0.00000 0.00273 0.00273
-0.00335 0.00000 -0.00335 -0.00335
0.00553 0.00000 0.00553 0.00553
0.00328 0.00000 0.00328 0.00328
-0.00227 0.00000 -0.00227 -0.00227
0.00001 0.00000 0.00001 0.00001
0.00125 0.00000 0.00125 0.00125
