# avg	std	min	max
1.93368 0.00000 1.93368 1.93368
1.52885 0.00000 1.52885 1.52885
1.66404 0.00000 1.66404 1.66404
2.55096 0.00000 2.55096 2.55096
1.13510 0.00000 1.13510 1.13510
1.11165 0.00000 1.11165 1.11165
4.31930 0.00000 4.31930 4.31930
5.50998 0.00000 5.50998 5.50998
1.30533 0.00000 1.30533 1.30533
0.00250 0.00000 0.00250 0.00250
2.09737 0.00000 2.09737 2.09737
1.27241 0.00000 1.27241 1.27241
3.67750 0.00000 3.67750 3.67750
2.75045 0.00000 2.75045 2.75045
1.36011 0.00000 1.36011 1.36011
5.02527 0.00000 5.02527 5.02527
2.25055 0.00000 2.25055 2.25055
0.96381 0.00000 0.96381 0.96381
0.79297 0.00000 0.79297 0.79297
6.29071 0.00000 6.29071 6.29071
