# avg	std	min	max
0.36105 0.00000 0.36105 0.36105
0.49756 0.00000 0.49756 0.49756
0.38804 0.00000 0.38804 0.38804
0.18012 0.00000 0.18012 0.18012
-0.19922 0.00000 -0.19922 -0.19922
-0.61783 0.00000 -0.61783 -0.61783
0.19557 0.00000 0.19557 0.19557
0.02562 0.00000 0.02562 0.02562
1.57603 0.00000 1.57603 1.57603
-0.00188 0.00000 -0.00188 -0.00188
0.16723 0.00000 0.16723 0.16723
0.62055 0.00000 0.62055 0.62055
0.44666 0.00000 0.44666 0.44666
-0.61072 0.00000 -0.61072 -0.61072
-0.29432 0.00000 -0.29432 -0.29432
0.94686 0.00000 0.94686 0.94686
0.61409 0.00000 0.61409 0.61409
-0.41680 0.00000 -0.41680 -0.41680
-1.02284 0.00000 -1.02284 -1.02284
-0.32873 0.00000 -0.32873 -0.32873
