# avg	std	min	max
2.44288 0.00000 2.44288 2.44288
2.09522 0.00000 2.09522 2.09522
2.15555 0.00000 2.15555 2.15555
3.38012 0.00000 3.38012 3.38012
2.49061 0.00000 2.49061 2.49061
2.81658 0.00000 2.81658 2.81658
2.85915 0.00000 2.85915 2.85915
4.14933 0.00000 4.14933 4.14933
2.16931 0.00000 2.16931 2.16931
0.37936 0.00000 0.37936 0.37936
0.00054 0.00000 0.00054 0.00054
1.91021 0.00000 1.91021 1.91021
4.27328 0.00000 4.27328 4.27328
3.34415 0.00000 3.34415 3.34415
5.13075 0.00000 5.13075 5.13075
4.42460 0.00000 4.42460 4.42460
3.36480 0.00000 3.36480 3.36480
1.74052 0.00000 1.74052 1.74052
1.07999 0.00000 1.07999 1.07999
5.32478 0.00000 5.32478 5.32478
