# avg	std	min	max
0.05649 0.00000 0.05649 0.05649
-0.05002 0.00000 -0.05002 -0.05002
0.00004 0.00000 0.00004 0.00004
-0.64793 0.00000 -0.64793 -0.64793
-0.31076 0.00000 -0.31076 -0.31076
-0.52663 0.00000 -0.52663 -0.52663
-0.11787 0.00000 -0.11787 -0.11787
-1.23195 0.00000 -1.23195 -1.23195
-0.43135 0.00000 -0.43135 -0.43135
0.05159 0.00000 0.05159 0.05159
-0.00905 0.00000 -0.00905 -0.00905
-0.09061 0.00000 -0.09061 -0.09061
-0.10236 0.00000 -0.10236 -0.10236
-0.02367 0.00000 -0.02367 -0.02367
-0.09079 0.00000 -0.09079 -0.09079
0.32784 0.00000 0.32784 0.32784
0.32023 0.00000 0.32023 0.32023
-0.30569 0.00000 -0.30569 -0.30569
-0.26214 0.00000 -0.26214 -0.26214
-0.05479 0.00000 -0.05479 -0.05479
