# avg	std	min	max
-0.03367 0.00000 -0.03367 -0.03367
-0.02626 0.00000 -0.02626 -0.02626
-0.00004 0.00000 -0.00004 -0.00004
-0.04645 0.00000 -0.04645 -0.04645
0.02637 0.00000 0.02637 0.02637
-0.04341 0.00000 -0.04341 -0.04341
-0.02788 0.00000 -0.02788 -0.02788
-0.03541 0.00000 -0.03541 -0.03541
-0.03046 0.00000 -0.03046 -0.03046
-0.03817 0.00000 -0.03817 -0.03817
-0.04406 0.00000 -0.04406 -0.04406
-0.00936 0.00000 -0.00936 -0.00936
-0.03625 0.00000 -0.03625 -0.03625
-0.04614 0.00000 -0.04614 -0.04614
-0.04548 0.00000 -0.04548 -0.04548
0.10251 0.00000 0.10251 0.10251
0.08327 0.00000 0.08327 0.08327
-0.06644 0.00000 -0.06644 -0.06644
-0.11135 0.00000 -0.11135 -0.11135
-0.06818 0.00000 -0.06818 -0.06818
