# avg	std	min	max
-0.00006 0.00000 -0.00006 -0.00006
-0.00069 0.00000 -0.00069 -0.00069
-0.00044 0.00000 -0.00044 -0.00044
0.00000 0.00000 0.00000 0.00000
0.00000 0.00000 0.00000 0.00000
0.00000 0.00000 0.00000 0.00000
0.00020 0.00000 0.00020 0.00020
0.00029 0.00000 0.00029 0.00029
-0.00155 0.00000 -0.00155 -0.00155
-0.00018 0.00000 -0.00018 -0.00018
0.00004 0.00000 0.00004 0.00004
0.00000 0.00000 0.00000 0.00000
0.00000 0.00000 0.00000 0.00000
-0.00286 0.00000 -0.00286 -0.00286
-0.00017 0.00000 -0.00017 -0.00017
-0.00343 0.00000 -0.00343 -0.00343
0.00000 0.00000 0.00000 0.00000
0.00122 0.00000 0.00122 0.00122
0.00013 0.00000 0.00013 0.00013
-0.00025 0.00000 -0.00025 -0.00025
