# avg	std	min	max
-0.00709 0.00000 -0.00709 -0.00709
-0.00314 0.00000 -0.00314 -0.00314
-0.00896 0.00000 -0.00896 -0.00896
-0.00299 0.00000 -0.00299 -0.00299
-0.00353 0.00000 -0.00353 -0.00353
-0.00287 0.00000 -0.00287 -0.00287
0.00031 0.00000 0.00031 0.00031
0.00129 0.00000 0.00129 0.00129
-0.00847 0.00000 -0.00847 -0.00847
-0.00262 0.00000 -0.00262 -0.00262
-0.00346 0.00000 -0.00346 -0.00346
-0.00189 0.00000 -0.00189 -0.00189
0.00012 0.00000 0.00012 0.00012
-0.00601 0.00000 -0.00601 -0.00601
-0.00568 0.00000 -0.00568 -0.00568
0.00823 0.00000 0.00823 0.00823
0.00980 0.00000 0.00980 0.00980
-0.01101 0.00000 -0.01101 -0.01101
-0.03269 0.00000 -0.03269 -0.03269
-0.00127 0.00000 -0.00127 -0.00127
