# avg	std	min	max
0.04075 0.00000 0.04075 0.04075
0.03967 0.00000 0.03967 0.03967
0.00809 0.00000 0.00809 0.00809
0.01649 0.00000 0.01649 0.01649
0.02574 0.00000 0.02574 0.02574
0.00012 0.00000 0.00012 0.00012
0.00000 0.00000 0.00000 0.00000
0.00082 0.00000 0.00082 0.00082
0.03170 0.00000 0.03170 0.03170
0.03923 0.00000 0.03923 0.03923
0.03667 0.00000 0.03667 0.03667
0.00005 0.00000 0.00005 0.00005
0.00000 0.00000 0.00000 0.00000
0.03313 0.00000 0.03313 0.03313
0.00010 0.00000 0.00010 0.00010
0.04929 0.00000 0.04929 0.04929
0.05745 0.00000 0.05745 0.05745
0.03318 0.00000 0.03318 0.03318
-0.08000 0.00000 -0.08000 -0.08000
-0.00008 0.00000 -0.00008 -0.00008
