# avg	std	min	max
0.02136 0.00000 0.02136 0.02136
-0.05343 0.00000 -0.05343 -0.05343
0.00314 0.00000 0.00314 0.00314
-0.02223 0.00000 -0.02223 -0.02223
-0.00383 0.00000 -0.00383 -0.00383
0.00002 0.00000 0.00002 0.00002
0.00000 0.00000 0.00000 0.00000
-0.01020 0.00000 -0.01020 -0.01020
-0.00024 0.00000 -0.00024 -0.00024
-0.00283 0.00000 -0.00283 -0.00283
0.00918 0.00000 0.00918 0.00918
-0.05176 0.00000 -0.05176 -0.05176
0.00000 0.00000 0.00000 0.00000
0.02083 0.00000 0.02083 0.02083
0.01229 0.00000 0.01229 0.01229
0.01026 0.00000 0.01026 0.01026
-0.01395 0.00000 -0.01395 -0.01395
0.02401 0.00000 0.02401 0.02401
-0.01718 0.00000 -0.01718 -0.01718
0.00002 0.00000 0.00002 0.00002
