# avg	std	min	max
0.28135 0.00000 0.28135 0.28135
0.25336 0.00000 0.25336 0.25336
0.13722 0.00000 0.13722 0.13722
0.09312 0.00000 0.09312 0.09312
0.11204 0.00000 0.11204 0.11204
-0.00471 0.00000 -0.00471 -0.00471
-0.12214 0.00000 -0.12214 -0.12214
-0.17330 0.00000 -0.17330 -0.17330
0.27008 0.00000 0.27008 0.27008
0.27261 0.00000 0.27261 0.27261
0.21672 0.00000 0.21672 0.21672
0.21567 0.00000 0.21567 0.21567
0.00959 0.00000 0.00959 0.00959
0.17382 0.00000 0.17382 0.17382
0.10888 0.00000 0.10888 0.10888
0.28625 0.00000 0.28625 0.28625
0.25820 0.00000 0.25820 0.25820
0.32239 0.00000 0.32239 0.32239
-0.12769 0.00000 -0.12769 -0.12769
0.09702 0.00000 0.09702 0.09702
