# avg	std	min	max
0.30298 0.02760 0.24787 0.31877
0.01810 0.03404 -0.02392 0.04613
0.39314 0.10641 0.18933 0.50031
-0.34903 0.30897 -0.73058 0.05522
-0.02699 0.11423 -0.10798 0.20002
-0.61446 0.24017 -0.86827 -0.28778
0.62325 0.19605 0.37169 0.97388
1.42139 0.93384 0.38952 2.97244
0.31745 0.04240 0.25196 0.35224
0.21358 0.03316 0.17261 0.24098
0.18082 0.00822 0.17062 0.19108
-0.00055 0.00154 -0.00270 0.00156
0.62559 0.40634 0.21885 1.21598
0.65810 0.07851 0.56945 0.75711
1.19632 0.59651 0.34794 2.21340
0.18509 0.10765 -0.00502 0.31378
0.42987 0.30516 -0.08573 0.75053
1.68917 0.59448 1.04106 2.52763
1.42768 0.38466 0.96113 2.02763
2.02229 0.57197 1.38308 2.72820
