# avg	std	min	max
0.00000 0.00000 0.00000 0.00000
0.00000 0.00000 0.00000 0.00000
-0.00010 0.00021 -0.00052 0.00000
0.00526 0.00985 -0.00056 0.02488
0.00001 0.00034 -0.00055 0.00050
-0.00721 0.01355 -0.03431 0.00013
-0.00014 0.00119 -0.00150 0.00149
-0.00007 0.00316 -0.00467 0.00501
0.00000 0.00000 0.00000 0.00000
-0.00013 0.00011 -0.00035 -0.00007
-0.00040 0.00000 -0.00040 -0.00039
0.00000 0.00000 0.00000 0.00000
-0.00091 0.00032 -0.00139 -0.00045
0.00707 0.00896 0.00028 0.02406
0.00684 0.00899 0.00012 0.02315
-0.00054 0.00031 -0.00093 0.00001
-0.00120 0.00093 -0.00289 -0.00003
0.00274 0.00429 -0.00040 0.01123
0.01331 0.02333 -0.01299 0.05493
0.00048 0.00072 0.00000 0.00190
