# avg	std	min	max
0.00443 0.00000 0.00442 0.00443
0.00185 0.00001 0.00184 0.00186
-0.00728 0.01040 -0.02808 -0.00206
-0.00990 0.00843 -0.02033 -0.00293
-0.00583 0.00633 -0.01849 -0.00243
-0.00421 0.00023 -0.00452 -0.00395
-0.00659 0.01005 -0.02669 -0.00147
-0.00088 0.00057 -0.00176 -0.00014
-0.00018 0.00003 -0.00020 -0.00012
0.02538 0.00008 0.02528 0.02548
0.00240 0.00160 -0.00053 0.00428
-0.00001 0.00003 -0.00005 0.00005
-0.00424 0.00716 -0.01846 0.00091
-0.00062 0.00002 -0.00067 -0.00061
-0.00110 0.00042 -0.00149 -0.00047
-0.12205 0.01041 -0.14287 -0.11678
-0.09106 0.00472 -0.09474 -0.08208
0.04635 0.01200 0.02386 0.05993
0.07931 0.01109 0.06999 0.10073
-0.01196 0.01393 -0.03634 -0.00144
