# avg	std	min	max
0.01374 0.00000 0.01374 0.01374
0.01374 0.00000 0.01374 0.01374
0.01374 0.00000 0.01374 0.01374
-0.00528 0.00168 -0.00817 -0.00355
-0.01081 0.00802 -0.02659 -0.00413
-0.00875 0.00703 -0.02117 -0.00058
0.01374 0.00000 0.01374 0.01374
-0.00026 0.00713 -0.00634 0.01374
0.01374 0.00000 0.01374 0.01374
0.01374 0.00000 0.01374 0.01374
0.01374 0.00000 0.01374 0.01374
0.01374 0.00000 0.01374 0.01375
0.01374 0.00000 0.01374 0.01374
0.00153 0.01003 -0.00816 0.01374
-0.00349 0.00279 -0.00815 -0.00048
0.00000 0.00000 0.00000 0.00000
-0.07235 0.01581 -0.10277 -0.05731
0.02403 0.00181 0.02182 0.02645
0.06364 0.00551 0.05711 0.07073
0.01374 0.00000 0.01374 0.01375
