# avg	std	min	max
0.00000 0.00000 0.00000 0.00000
0.00000 0.00000 0.00000 0.00001
0.00000 0.00000 0.00000 0.00000
-0.00002 0.00009 -0.00016 0.00012
0.00000 0.00000 0.00000 0.00000
0.00000 0.00000 0.00000 0.00000
0.00000 0.00000 0.00000 0.00000
-0.00009 0.00054 -0.00076 0.00053
0.00000 0.00000 0.00000 0.00000
0.00000 0.00000 0.00000 0.00000
0.00000 0.00000 0.00000 0.00000
0.00013 0.00026 0.00000 0.00064
0.00000 0.00000 0.00000 0.00000
0.00000 0.00000 0.00000 0.00000
0.00000 0.00000 0.00000 0.00000
-0.00071 0.00004 -0.00074 -0.00064
-0.00010 0.00028 -0.00065 0.00007
0.00001 0.00002 -0.00002 0.00004
0.00003 0.00007 0.00000 0.00017
0.00000 0.00000 0.00000 0.00000
