# avg	std	min	max
0.28929 0.12918 0.12095 0.46003
0.22889 0.05575 0.16397 0.30459
0.38295 0.04009 0.33060 0.45211
-0.18443 0.10696 -0.33807 -0.04183
0.13356 0.11562 0.02324 0.27875
0.13407 0.01145 0.11565 0.14965
-0.27600 0.02196 -0.30338 -0.24347
0.09842 0.05229 -0.00167 0.14065
1.25345 0.06763 1.15058 1.36279
0.40733 0.03990 0.37654 0.48432
0.23783 0.01295 0.22248 0.26130
0.16351 0.03798 0.09105 0.20121
-0.18372 0.02117 -0.21473 -0.15309
0.37080 0.01417 0.34544 0.38919
0.17838 0.02369 0.13711 0.20564
0.02134 0.04973 -0.01858 0.10960
-0.01120 0.07134 -0.08747 0.10248
-0.55805 0.28540 -0.75086 0.00672
0.24215 0.16287 0.04413 0.50739
-0.00108 0.03078 -0.05934 0.02571
