# avg	std	min	max
0.00001 0.00001 -0.00001 0.00002
-0.00001 0.00001 -0.00002 0.00000
0.00000 0.00000 0.00000 0.00000
-0.00000 0.00001 -0.00002 0.00000
-0.00002 0.00001 -0.00002 0.00000
0.00000 0.00000 0.00000 0.00000
0.00039 0.00002 0.00036 0.00041
-0.00022 0.00044 -0.00110 0.00000
-0.00021 0.00000 -0.00021 -0.00021
-0.00002 0.00001 -0.00003 -0.00001
0.00029 0.00000 0.00028 0.00029
-0.00001 0.00000 -0.00001 0.00000
0.00007 0.00014 0.00000 0.00036
0.00052 0.00003 0.00048 0.00057
0.00000 0.00000 0.00000 0.00000
0.00189 0.02222 -0.04225 0.01648
0.00942 0.02191 -0.03423 0.02265
0.01518 0.01286 0.00102 0.03488
0.03020 0.05048 -0.05370 0.08690
0.00000 0.00000 0.00000 0.00000
