# avg	std	min	max
0.00763 0.03775 -0.06678 0.03274
-0.03259 0.11637 -0.25094 0.07750
0.14361 0.09074 0.06055 0.28871
-0.00966 0.02563 -0.05997 0.01244
0.00278 0.07077 -0.13684 0.05506
0.03444 0.03583 -0.00010 0.09795
-0.04542 0.09363 -0.22975 0.01669
0.03251 0.03134 -0.00059 0.09188
-0.06359 0.17618 -0.41485 0.04109
-0.07138 0.13924 -0.32061 0.04286
0.05143 0.03194 0.02537 0.11033
-0.23816 0.34812 -0.74774 0.06190
0.06271 0.11355 -0.01754 0.28588
0.01065 0.07973 -0.14053 0.06895
0.01367 0.02183 -0.00069 0.05615
-0.05128 0.01311 -0.07681 -0.04143
-0.06181 0.37040 -0.62062 0.53906
0.07292 0.06990 -0.06647 0.11753
0.13458 0.11079 -0.04358 0.26740
-0.00001 0.00000 -0.00002 -0.00001
