# avg	std	min	max
0.00000 0.00000 0.00000 0.00000
0.00000 0.00000 0.00000 0.00000
0.00288 0.00353 0.00000 0.00720
0.00000 0.00000 0.00000 0.00000
-0.00311 0.00622 -0.01555 0.00000
-0.01748 0.00874 -0.02186 0.00000
0.00805 0.01604 -0.00038 0.04013
0.09460 0.15289 -0.00162 0.39824
0.00301 0.00376 -0.00016 0.00764
0.00000 0.00000 0.00000 0.00000
-0.00013 0.00000 -0.00013 -0.00013
0.00000 0.00000 0.00000 0.00000
0.00792 0.01533 -0.00015 0.03857
0.00000 0.00000 0.00000 0.00000
-0.00001 0.00002 -0.00004 0.00000
-0.00873 0.04749 -0.05295 0.04914
-0.02753 0.04061 -0.07317 0.02087
0.04928 0.03201 0.01608 0.10759
0.01041 0.05160 -0.08492 0.05593
0.00000 0.00000 0.00000 0.00000
