# avg	std	min	max
0.02700 0.07038 -0.06720 0.12900
0.00570 0.01587 -0.00620 0.03716
0.00502 0.00088 0.00356 0.00599
0.00056 0.00010 0.00040 0.00067
0.00157 0.00016 0.00139 0.00186
-0.00000 0.00003 -0.00003 0.00005
-0.06961 0.12365 -0.29928 0.02204
-0.00231 0.02037 -0.03501 0.02615
0.04126 0.07396 -0.02889 0.17888
0.06818 0.08242 0.02467 0.23296
0.01463 0.08204 -0.05606 0.16978
-0.02703 0.16347 -0.29223 0.21973
0.01439 0.07156 -0.10052 0.11753
-0.00035 0.00002 -0.00037 -0.00033
-0.03682 0.07262 -0.18207 -0.00044
0.21846 0.33047 -0.05510 0.82650
0.18884 0.15881 0.00596 0.48375
-0.08151 0.03876 -0.13121 -0.01184
-0.15570 0.03969 -0.20455 -0.08918
-0.00734 0.05001 -0.09142 0.06604
