# avg	std	min	max
-0.02716 0.00029 -0.02749 -0.02682
0.02104 0.00007 0.02095 0.02110
0.02447 0.04356 -0.02236 0.07651
0.00031 0.00036 -0.00020 0.00079
0.02575 0.01771 0.00258 0.04058
-0.00005 0.00010 -0.00026 0.00000
-0.00710 0.01844 -0.04361 0.00502
-0.00505 0.01234 -0.02800 0.00885
0.12006 0.00231 0.11555 0.12216
0.00964 0.01889 0.00006 0.04743
0.03221 0.00033 0.03179 0.03260
0.00086 0.00021 0.00047 0.00102
0.00112 0.00204 -0.00062 0.00511
0.02139 0.00528 0.01860 0.03194
-0.01267 0.03110 -0.03828 0.02630
-0.04384 0.00047 -0.04433 -0.04295
-0.03540 0.00195 -0.03922 -0.03390
0.04950 0.00474 0.04007 0.05277
0.01902 0.00028 0.01872 0.01954
0.06959 0.00516 0.06471 0.07960
