# avg	std	min	max
0.00000 0.00000 0.00000 0.00000
0.00000 0.00000 0.00000 0.00000
-0.00151 0.00076 -0.00189 0.00000
-0.00151 0.00076 -0.00189 0.00000
-0.00189 0.00000 -0.00189 -0.00189
-0.00113 0.00093 -0.00189 0.00000
-0.00151 0.00076 -0.00189 0.00000
-0.00151 0.00076 -0.00190 0.00000
0.00000 0.00000 0.00000 0.00000
0.00000 0.00000 0.00000 0.00000
-0.00189 0.00000 -0.00189 -0.00189
0.00000 0.00000 0.00000 0.00000
-0.00193 0.00008 -0.00209 -0.00189
0.00000 0.00000 0.00000 0.00000
-0.00151 0.00076 -0.00189 0.00000
-0.00097 0.00046 -0.00189 -0.00074
-0.00225 0.00076 -0.00263 -0.00074
0.00038 0.00076 0.00000 0.00189
0.00000 0.00000 0.00000 0.00000
-0.00076 0.00093 -0.00189 0.00000
