# avg	std	min	max
0.01048 0.02147 -0.01376 0.03636
0.00036 0.00000 0.00036 0.00036
-0.08881 0.03656 -0.13367 -0.03107
0.00639 0.01217 -0.00226 0.02910
-0.19594 0.03884 -0.24541 -0.15011
-0.18675 0.14993 -0.33725 -0.00615
-0.16118 0.00103 -0.16199 -0.15921
0.01346 0.00404 0.00538 0.01565
0.00000 0.00002 -0.00002 0.00002
-0.00458 0.00841 -0.02138 0.00006
-0.01844 0.02180 -0.05304 -0.00122
-0.11224 0.02838 -0.14052 -0.06183
-0.15167 0.02457 -0.19995 -0.13452
-0.02358 0.03856 -0.10007 -0.00127
-0.12633 0.02995 -0.18056 -0.08929
-0.00381 0.04372 -0.04465 0.07833
0.01764 0.07312 -0.07784 0.11593
-0.35836 0.07548 -0.41219 -0.20988
-0.10803 0.09173 -0.27733 0.00239
-0.00385 0.00001 -0.00386 -0.00383
