# avg	std	min	max
0.08029 0.50428 -0.31401 1.05305
-0.23058 0.27891 -0.73319 0.05145
-0.28655 0.29201 -0.82889 -0.07138
-0.49340 0.21649 -0.80410 -0.18311
-0.41177 0.20553 -0.76578 -0.15137
-0.20127 0.12758 -0.37238 -0.04950
-0.33276 0.26106 -0.83162 -0.09810
-0.81856 0.32341 -1.24744 -0.38948
0.03123 0.26757 -0.34532 0.39007
-0.25659 0.27624 -0.61744 0.12876
-0.25330 0.10643 -0.41690 -0.13772
-0.12688 0.32605 -0.50004 0.37829
-0.19740 0.25323 -0.48471 0.24917
-0.46791 0.19501 -0.67986 -0.15935
-0.42412 0.33397 -0.96912 -0.01246
-0.26494 0.23557 -0.70012 -0.03856
-0.27166 0.16909 -0.54094 -0.06585
-0.07548 0.09250 -0.17917 0.08386
-0.02450 0.13577 -0.27171 0.14606
-0.48388 0.15667 -0.68920 -0.23350
