# avg	std	min	max
-0.11388 0.00598 -0.12229 -0.10772
-0.11271 0.00658 -0.12563 -0.10754
-0.11042 0.00494 -0.12004 -0.10612
-0.11236 0.00910 -0.12041 -0.09792
-0.11241 0.00543 -0.11905 -0.10729
-0.11262 0.00652 -0.12506 -0.10664
-0.11007 0.01852 -0.14684 -0.09742
-0.10536 0.00547 -0.11195 -0.09988
-0.10229 0.00415 -0.10720 -0.09660
-0.14018 0.01751 -0.16201 -0.12183
-0.15565 0.00508 -0.16136 -0.14653
-0.11316 0.00774 -0.12616 -0.10647
-0.10565 0.00719 -0.11184 -0.09233
-0.09800 0.00612 -0.10689 -0.09199
-0.11050 0.00760 -0.12025 -0.09820
-0.15519 0.01752 -0.18910 -0.13820
-0.15769 0.00558 -0.16471 -0.15092
-0.06754 0.01176 -0.08920 -0.05696
-0.00433 0.00395 -0.00843 0.00107
-0.08430 0.01649 -0.10597 -0.05947
