# avg	std	min	max
-0.00786 0.00089 -0.00958 -0.00709
-0.00772 0.00072 -0.00901 -0.00700
-0.01223 0.00225 -0.01579 -0.00987
-0.00752 0.00019 -0.00778 -0.00720
-0.00992 0.00282 -0.01408 -0.00663
-0.00723 0.00035 -0.00749 -0.00656
-0.00742 0.00016 -0.00771 -0.00722
-0.00696 0.00072 -0.00767 -0.00588
-0.01137 0.00221 -0.01450 -0.00798
-0.00719 0.00012 -0.00742 -0.00706
-0.00897 0.00073 -0.01019 -0.00791
-0.00733 0.00029 -0.00773 -0.00699
-0.00766 0.00031 -0.00802 -0.00730
-0.00737 0.00052 -0.00840 -0.00693
-0.00744 0.00059 -0.00844 -0.00666
-0.03877 0.00438 -0.04180 -0.03024
-0.03957 0.00084 -0.04110 -0.03873
-0.00119 0.00008 -0.00135 -0.00110
0.00003 0.00005 -0.00004 0.00010
-0.00734 0.00015 -0.00749 -0.00708
