# avg	std	min	max
0.00000 0.00000 0.00000 0.00000
-0.00016 0.00000 -0.00016 -0.00016
0.02499 0.00670 0.01160 0.02852
-0.00010 0.00003 -0.00016 -0.00008
0.02232 0.01116 0.00000 0.02794
0.02547 0.01050 0.00447 0.03085
-0.00435 0.00655 -0.01745 -0.00096
-0.01007 0.01242 -0.03021 -0.00007
-0.00850 0.01085 -0.02643 -0.00007
0.00000 0.00000 0.00000 0.00000
0.01668 0.01362 0.00000 0.02790
0.00024 0.00020 0.00000 0.00040
-0.01145 0.01299 -0.02741 0.00000
-0.00018 0.00001 -0.00019 -0.00016
0.00000 0.00000 0.00000 0.00000
-0.00958 0.00555 -0.02068 -0.00664
-0.02002 0.00944 -0.03890 -0.01525
0.02407 0.00868 0.01517 0.03522
0.07841 0.00396 0.07056 0.08093
-0.00669 0.01642 -0.02653 0.01745
