# avg	std	min	max
0.00013 0.00010 -0.00007 0.00019
-0.00022 0.00010 -0.00041 -0.00017
-0.00077 0.00010 -0.00098 -0.00072
0.02194 0.02715 -0.00038 0.05634
0.01035 0.02211 -0.00114 0.05456
-0.00072 0.00003 -0.00075 -0.00067
-0.00124 0.00042 -0.00205 -0.00092
-0.00251 0.00051 -0.00304 -0.00154
-0.00211 0.00010 -0.00231 -0.00204
0.00000 0.00016 -0.00025 0.00026
0.00003 0.00012 -0.00012 0.00014
0.00037 0.00000 0.00037 0.00038
-0.00249 0.00188 -0.00594 -0.00087
-0.00078 0.00089 -0.00161 0.00044
0.00017 0.00001 0.00016 0.00019
0.10618 0.09760 -0.02120 0.20032
0.01334 0.07555 -0.10162 0.08320
0.01352 0.02071 -0.01796 0.04039
-0.00272 0.03293 -0.04235 0.05310
0.00009 0.00015 0.00001 0.00039
