# avg	std	min	max
0.00000 0.00000 0.00000 0.00000
0.00000 0.00000 0.00000 0.00000
0.00000 0.00000 0.00000 0.00000
-0.00000 0.00001 -0.00002 0.00000
0.00000 0.00000 0.00000 0.00000
-0.00001 0.00001 -0.00002 0.00000
0.00000 0.00000 0.00000 0.00000
0.00000 0.00000 0.00000 0.00000
-0.00000 0.00000 -0.00001 0.00000
0.00000 0.00000 0.00000 0.00000
0.00000 0.00000 0.00000 0.00000
0.00000 0.00000 0.00000 0.00000
-0.00000 0.00000 -0.00001 0.00000
-0.00000 0.00000 -0.00001 0.00000
0.00000 0.00000 0.00000 0.00000
-0.00713 0.00010 -0.00726 -0.00703
-0.00627 0.00119 -0.00737 -0.00465
0.00002 0.00003 0.00000 0.00008
0.00000 0.00000 0.00000 0.00000
0.00000 0.00000 0.00000 0.00000
