# avg	std	min	max
0.00000 0.00000 0.00000 0.00000
0.00000 0.00000 0.00000 0.00000
0.00000 0.00000 0.00000 0.00000
-0.00000 0.00000 -0.00001 0.00000
0.00000 0.00000 0.00000 0.00000
0.00000 0.00000 0.00000 0.00000
0.00001 0.00002 0.00000 0.00004
0.00000 0.00000 0.00000 0.00000
0.00000 0.00000 0.00000 0.00000
0.00000 0.00000 0.00000 0.00000
0.00000 0.00000 0.00000 0.00000
0.00000 0.00000 0.00000 0.00000
-0.00003 0.00006 -0.00014 0.00000
-0.00000 0.00000 -0.00001 0.00000
-0.00004 0.00008 -0.00021 0.00000
0.00000 0.00000 0.00000 0.00000
-0.00015 0.00019 -0.00039 0.00000
0.00000 0.00000 0.00000 0.00000
0.00000 0.00000 0.00000 0.00000
-0.00008 0.00015 -0.00037 0.00000
