# avg	std	min	max
0.00000 0.00000 0.00000 0.00000
0.00000 0.00000 0.00000 0.00000
0.00000 0.00000 0.00000 0.00000
-0.00000 0.00000 -0.00001 0.00000
0.00000 0.00000 0.00000 0.00000
0.00747 0.01487 0.00000 0.03720
0.00318 0.00443 -0.00001 0.01126
0.02082 0.02270 0.00117 0.05671
-0.00014 0.00026 -0.00066 0.00000
0.00000 0.00000 0.00000 0.00000
0.00000 0.00000 0.00000 0.00000
0.00000 0.00000 0.00000 0.00000
0.04134 0.02068 -0.00001 0.05268
0.00000 0.00000 0.00000 0.00000
0.00003 0.00006 0.00000 0.00015
-0.00841 0.00150 -0.01099 -0.00629
-0.03814 0.00017 -0.03837 -0.03794
0.00823 0.00312 0.00458 0.01234
0.03573 0.02898 -0.00245 0.07837
0.00000 0.00000 0.00000 0.00000
