# avg	std	min	max
-0.01109 0.02216 -0.05541 0.00000
-0.00001 0.00002 -0.00004 0.00000
-0.03314 0.02707 -0.05628 0.00000
0.00033 0.00069 -0.00007 0.00170
-0.00031 0.00062 -0.00154 0.00000
0.00000 0.00000 0.00000 0.00000
-0.00038 0.00076 -0.00189 0.00000
0.00000 0.00000 0.00000 0.00000
0.00009 0.00118 -0.00189 0.00176
-0.01071 0.02269 -0.05608 0.00191
-0.00038 0.03686 -0.05923 0.05731
-0.00001 0.00002 -0.00005 0.00001
0.00000 0.00000 0.00000 0.00000
0.00025 0.00050 0.00000 0.00125
-0.01121 0.02242 -0.05606 0.00000
0.00534 0.01940 -0.03334 0.01694
-0.00557 0.03584 -0.03322 0.05483
0.02791 0.00151 0.02638 0.03042
-0.00044 0.00093 -0.00116 0.00121
-0.00010 0.00019 -0.00047 0.00000
