# avg	std	min	max
0.00247 0.00559 -0.00231 0.01342
0.00000 0.00000 0.00000 0.00000
-0.00017 0.00021 -0.00043 0.00002
-0.00046 0.00000 -0.00046 -0.00046
-0.00068 0.00000 -0.00069 -0.00068
-0.00102 0.00024 -0.00126 -0.00058
-0.00079 0.00001 -0.00080 -0.00078
-0.00123 0.00041 -0.00185 -0.00060
0.00001 0.00001 -0.00001 0.00002
-0.00003 0.00000 -0.00003 -0.00003
-0.00012 0.00012 -0.00028 0.00002
-0.00033 0.00001 -0.00035 -0.00031
-0.00069 0.00007 -0.00083 -0.00064
-0.00032 0.00000 -0.00033 -0.00032
-0.00058 0.00006 -0.00066 -0.00050
0.01207 0.01302 -0.00163 0.03600
-0.02098 0.00462 -0.02759 -0.01694
0.00888 0.00623 -0.00341 0.01301
0.01024 0.01320 -0.00604 0.03322
-0.00099 0.00027 -0.00120 -0.00052
