# avg	std	min	max
0.00000 0.00000 0.00000 0.00000
0.00000 0.00000 0.00000 0.00000
0.00000 0.00000 0.00000 0.00000
0.00000 0.00000 0.00000 0.00000
0.00000 0.00000 0.00000 0.00000
0.00000 0.00000 0.00000 0.00000
0.00399 0.00797 0.00000 0.01993
-0.01480 0.01955 -0.04859 0.00000
0.00000 0.00000 0.00000 0.00000
0.00000 0.00000 0.00000 0.00000
0.00000 0.00000 0.00000 0.00000
0.00000 0.00000 0.00000 0.00000
0.00865 0.01729 0.00000 0.04323
0.00000 0.00000 0.00000 0.00000
0.00382 0.00763 0.00000 0.01908
0.02311 0.01666 0.00271 0.03697
0.01275 0.00934 0.00484 0.02455
-0.00293 0.00068 -0.00407 -0.00225
-0.00169 0.00788 -0.00689 0.01400
0.00000 0.00000 0.00000 0.00000
