# avg	std	min	max
-0.00005 0.00000 -0.00005 -0.00005
0.00000 0.00000 0.00000 0.00000
0.00000 0.00000 0.00000 0.00000
-0.00012 0.00014 -0.00030 0.00000
-0.00005 0.00006 -0.00012 0.00000
-0.00011 0.00022 -0.00054 0.00000
-0.00009 0.00018 -0.00045 0.00000
-0.00151 0.00454 -0.01027 0.00300
0.00000 0.00000 0.00000 0.00000
0.00000 0.00000 0.00000 0.00000
0.00000 0.00000 0.00000 0.00000
0.00000 0.00000 0.00000 0.00000
-0.00168 0.00421 -0.00999 0.00169
0.00000 0.00000 0.00000 0.00000
-0.00006 0.00012 -0.00030 0.00000
0.00302 0.00675 -0.00052 0.01651
-0.00029 0.00021 -0.00071 -0.00018
-0.00018 0.00017 -0.00044 0.00000
-0.00024 0.00036 -0.00075 0.00014
0.00000 0.00000 0.00000 0.00000
