# avg	std	min	max
-0.00274 0.00941 -0.01450 0.01117
0.00000 0.00000 0.00000 0.00000
-0.00600 0.00695 -0.01686 0.00007
0.33217 0.14377 0.04514 0.41311
0.19911 0.24614 0.01857 0.64568
0.02298 0.02072 0.00015 0.05044
0.07347 0.16309 -0.01764 0.39946
0.05373 0.12944 -0.03685 0.31117
-0.01785 0.00394 -0.02263 -0.01123
0.00302 0.00822 -0.01281 0.01113
-0.00516 0.00610 -0.01686 0.00000
-0.00015 0.00000 -0.00015 -0.00015
0.00192 0.00752 -0.00275 0.01684
0.09432 0.18887 -0.00049 0.47207
0.04411 0.12017 -0.04534 0.28220
-0.00693 0.00440 -0.01341 -0.00017
0.00111 0.01050 -0.00863 0.02037
-0.00157 0.00728 -0.00971 0.01212
0.04067 0.06950 -0.01936 0.15614
-0.00049 0.00056 -0.00155 0.00006
