# avg	std	min	max
0.00000 0.00000 0.00000 0.00001
-0.00001 0.00000 -0.00001 -0.00001
0.00000 0.00000 0.00000 0.00001
0.00022 0.00024 0.00000 0.00052
0.00054 0.00106 0.00000 0.00266
0.00092 0.00052 0.00000 0.00136
0.03286 0.05563 -0.03717 0.10065
0.09324 0.07584 0.00618 0.23436
-0.00002 0.00000 -0.00003 -0.00002
0.00056 0.00070 -0.00001 0.00154
0.00558 0.00025 0.00528 0.00592
0.00000 0.00000 0.00000 0.00000
0.12862 0.03419 0.06120 0.15079
0.00008 0.00008 0.00000 0.00022
0.00074 0.00034 0.00029 0.00129
-0.00433 0.00000 -0.00433 -0.00433
-0.00140 0.00013 -0.00154 -0.00118
-0.01188 0.02428 -0.06036 0.00211
0.14546 0.19752 -0.00594 0.48146
0.08685 0.03783 0.03973 0.12757
