# avg	std	min	max
0.00000 0.00000 0.00000 0.00000
0.00000 0.00000 0.00000 0.00000
-0.00078 0.00071 -0.00185 0.00000
0.00000 0.00000 0.00000 0.00000
-0.00117 0.00111 -0.00194 0.00090
-0.00082 0.00103 -0.00209 0.00006
-0.00140 0.00098 -0.00287 0.00000
-0.00238 0.00060 -0.00336 -0.00148
0.00000 0.00000 0.00000 0.00000
0.00000 0.00000 0.00000 0.00000
-0.00119 0.00097 -0.00210 0.00000
0.00000 0.00000 0.00000 0.00000
-0.00252 0.00056 -0.00360 -0.00196
0.00000 0.00000 0.00000 0.00000
0.00002 0.00062 -0.00092 0.00103
-0.00047 0.00090 -0.00226 0.00001
0.00030 0.00052 -0.00027 0.00094
-0.00058 0.00078 -0.00195 0.00000
-0.00146 0.00046 -0.00215 -0.00092
0.00000 0.00000 0.00000 0.00000
