# avg	std	min	max
0.01018 0.00365 0.00652 0.01466
0.01468 0.00001 0.01467 0.01470
0.01224 0.00345 0.00588 0.01473
0.01152 0.00390 0.00604 0.01469
0.01200 0.00336 0.00675 0.01467
0.01298 0.00338 0.00623 0.01467
0.01335 0.00314 0.00710 0.01562
0.01472 0.00011 0.01466 0.01493
0.01173 0.00365 0.00639 0.01467
0.01467 0.00000 0.01467 0.01468
0.00899 0.00548 -0.00036 0.01467
0.01000 0.00388 0.00590 0.01467
0.00845 0.00314 0.00647 0.01467
0.00860 0.00567 -0.00046 0.01467
0.01180 0.00355 0.00667 0.01467
0.00010 0.00509 -0.00782 0.00828
-0.01859 0.00378 -0.02236 -0.01392
0.03168 0.00322 0.02904 0.03794
0.05316 0.00685 0.04427 0.06454
0.01209 0.00317 0.00785 0.01467
