# avg	std	min	max
-0.00430 0.00673 -0.01429 0.00115
-0.00231 0.00891 -0.01554 0.01184
-0.00217 0.00252 -0.00453 0.00109
0.00337 0.00744 -0.00437 0.01761
-0.00206 0.00258 -0.00431 0.00111
-0.00540 0.00796 -0.02056 0.00109
-0.00341 0.00225 -0.00466 0.00109
-0.00010 0.00214 -0.00437 0.00110
-0.00220 0.00290 -0.00473 0.00159
-0.00008 0.00235 -0.00477 0.00110
-0.00099 0.01179 -0.01392 0.01720
0.00545 0.01016 -0.00460 0.01915
-0.00344 0.00654 -0.01570 0.00111
-0.00285 0.00641 -0.01466 0.00297
-0.00009 0.00886 -0.01426 0.01208
0.00000 0.00001 0.00000 0.00002
0.00086 0.00013 0.00078 0.00112
-0.00080 0.00233 -0.00378 0.00114
-0.00002 0.00227 -0.00449 0.00160
-0.00206 0.00258 -0.00431 0.00109
