# avg	std	min	max
-0.04031 0.02135 -0.07224 -0.01515
-0.06734 0.00267 -0.07238 -0.06523
-0.06931 0.01179 -0.08183 -0.04730
-0.02009 0.09357 -0.09145 0.16224
-0.07088 0.01797 -0.10150 -0.04621
-0.02255 0.00404 -0.02686 -0.01563
-0.00258 0.11142 -0.10417 0.20815
-0.03661 0.02326 -0.07850 -0.01435
0.04378 0.11774 -0.08109 0.18973
-0.07380 0.01081 -0.09394 -0.06315
-0.06435 0.00858 -0.07076 -0.04756
-0.06856 0.00347 -0.07368 -0.06370
-0.06465 0.04847 -0.13302 -0.02150
-0.03220 0.02242 -0.07675 -0.01871
0.16033 0.08758 -0.01454 0.20825
-0.01897 0.03301 -0.04935 0.04229
0.00005 0.00050 -0.00069 0.00087
-0.04752 0.00208 -0.05144 -0.04550
-0.15003 0.00654 -0.16253 -0.14382
-0.06037 0.02289 -0.07665 -0.01491
