# avg	std	min	max
0.00000 0.00000 0.00000 0.00000
-0.00003 0.00006 -0.00015 0.00000
-0.00012 0.00006 -0.00016 0.00000
0.00034 0.00006 0.00022 0.00039
0.00001 0.00001 0.00000 0.00003
0.00000 0.00000 0.00000 0.00000
0.00066 0.00007 0.00060 0.00076
0.00000 0.00000 0.00000 0.00000
-0.00003 0.00010 -0.00015 0.00010
0.00000 0.00000 0.00000 0.00000
-0.00006 0.00009 -0.00022 0.00000
-0.00003 0.00006 -0.00014 0.00000
0.00089 0.00000 0.00089 0.00090
-0.00010 0.00009 -0.00022 0.00000
0.00000 0.00000 0.00000 0.00000
-0.00004 0.00008 -0.00020 0.00000
0.00000 0.00000 0.00000 0.00000
-0.00009 0.00007 -0.00015 0.00000
-0.00006 0.00007 -0.00015 0.00000
0.00020 0.00004 0.00015 0.00024
