# avg	std	min	max
0.00000 0.00000 0.00000 0.00000
-0.55034 0.15615 -0.69125 -0.35675
-0.33692 0.33247 -0.74233 0.06452
0.39993 1.11235 -0.54876 2.04914
0.90659 0.50107 0.35239 1.84312
-0.71051 0.02764 -0.74218 -0.65907
3.26530 1.18282 2.20361 4.99830
4.99983 1.27375 3.50576 6.82517
0.44044 0.18922 0.21876 0.67556
-1.13813 0.01284 -1.15983 -1.12438
-1.58088 0.06118 -1.65860 -1.49627
0.32285 1.08440 -0.97080 1.49522
2.38291 0.05089 2.31042 2.44362
2.98454 0.11441 2.83807 3.16098
1.22752 0.80112 -0.01096 2.47947
2.38002 1.71412 0.93396 4.72615
3.40836 0.32504 2.78378 3.68953
1.19238 0.91784 -0.08344 2.27213
0.82080 1.22067 0.06813 3.25622
5.91535 0.07862 5.79142 6.02957
