# avg	std	min	max
0.00000 0.00000 0.00000 0.00000
0.00202 0.00404 0.00000 0.01011
0.00608 0.00496 0.00000 0.01013
0.00608 0.00496 0.00000 0.01014
0.00175 0.00350 0.00000 0.00874
0.00185 0.00369 0.00000 0.00923
0.00202 0.00405 0.00000 0.01012
0.00175 0.00350 0.00000 0.00874
-0.00127 0.00075 -0.00206 0.00002
0.00000 0.00000 0.00000 0.00000
0.00202 0.00405 0.00000 0.01012
0.00383 0.00471 0.00000 0.01013
0.00405 0.00496 0.00000 0.01013
0.00608 0.00496 0.00000 0.01013
-0.00203 0.00405 -0.01013 0.00000
0.00695 0.00660 0.00000 0.01762
0.00823 0.00583 0.00000 0.01753
-0.02169 0.00911 -0.03078 -0.01043
-0.04164 0.01229 -0.05941 -0.02459
0.00000 0.00000 0.00000 0.00000
