# avg	std	min	max
0.00000 0.00000 0.00000 0.00000
0.00019 0.00004 0.00013 0.00024
0.00016 0.00005 0.00013 0.00025
0.00023 0.00014 0.00010 0.00043
0.00014 0.00002 0.00013 0.00017
0.00023 0.00008 0.00013 0.00033
0.00020 0.00006 0.00013 0.00027
-0.00210 0.00363 -0.00919 0.00024
0.00013 0.00000 0.00013 0.00014
0.00017 0.00009 0.00011 0.00035
0.00017 0.00004 0.00013 0.00023
0.00016 0.00005 0.00009 0.00022
-0.00514 0.00679 -0.01586 0.00036
0.00016 0.00006 0.00011 0.00029
0.00021 0.00010 0.00012 0.00035
0.02222 0.00701 0.01836 0.03624
-0.00162 0.00003 -0.00166 -0.00158
-0.00155 0.00523 -0.01202 0.00115
0.00201 0.00014 0.00179 0.00222
0.00014 0.00000 0.00013 0.00014
