# avg	std	min	max
0.00000 0.00000 0.00000 0.00000
0.00072 0.00144 0.00000 0.00359
0.00000 0.00000 0.00000 0.00000
-0.00000 0.00000 -0.00001 0.00000
0.00072 0.00144 0.00000 0.00359
0.00061 0.00123 0.00000 0.00307
-0.00072 0.00144 -0.00359 0.00000
0.00010 0.00177 -0.00291 0.00252
0.00144 0.00176 0.00000 0.00359
0.00072 0.00144 0.00000 0.00359
0.00052 0.00105 0.00000 0.00262
0.00000 0.00000 0.00000 0.00000
0.00042 0.00254 -0.00288 0.00499
0.00144 0.00176 0.00000 0.00359
-0.00000 0.00001 -0.00002 0.00000
-0.00807 0.00365 -0.01089 -0.00192
-0.00186 0.00147 -0.00261 0.00108
0.00072 0.00144 0.00000 0.00359
0.00089 0.00179 0.00000 0.00447
0.00000 0.00000 0.00000 0.00000
