# avg	std	min	max
-0.30012 0.79684 -1.46863 0.42563
-0.01979 0.16480 -0.19014 0.29377
0.11352 0.09263 -0.00005 0.18917
0.11136 0.09126 0.03465 0.22317
0.00001 0.00001 -0.00001 0.00003
-0.00105 0.14111 -0.19222 0.22286
0.02725 0.18778 -0.24342 0.26128
-1.11318 0.64894 -1.99807 -0.01158
0.20000 0.04781 0.10451 0.22841
0.19283 0.04875 0.09538 0.21882
0.19168 0.06592 0.05988 0.22677
0.16809 0.07036 0.05894 0.22706
0.06941 0.26228 -0.42932 0.31983
-0.04812 0.00014 -0.04831 -0.04791
0.08444 0.24777 -0.15193 0.55232
0.19270 0.05521 0.15036 0.30103
0.33195 0.02912 0.29605 0.36165
-1.52286 0.21686 -1.88753 -1.21234
-1.30492 0.44870 -1.74267 -0.50065
0.05004 0.11499 -0.17659 0.12400
