# avg	std	min	max
0.01447 0.09383 -0.11094 0.18091
0.00843 0.02002 -0.02025 0.02681
0.06024 0.13085 -0.01725 0.32164
0.00000 0.00000 0.00000 0.00001
-0.00079 0.00001 -0.00080 -0.00078
-0.00053 0.00002 -0.00055 -0.00050
0.08752 0.17041 -0.00906 0.42788
0.00443 0.09836 -0.08881 0.19204
0.00550 0.00908 -0.00197 0.02152
0.00392 0.00873 -0.00411 0.02008
-0.04714 0.05542 -0.11294 0.01929
-0.00128 0.00409 -0.00527 0.00595
-0.01131 0.02461 -0.05930 0.00813
0.05730 0.06783 -0.00050 0.15391
0.23517 0.14889 -0.02556 0.35993
0.15177 0.00480 0.14593 0.15694
0.63352 0.25884 0.13469 0.83611
-0.15688 0.21480 -0.33489 0.22452
-0.07607 0.26694 -0.41562 0.16238
0.07066 0.16993 -0.02953 0.40954
