# avg	std	min	max
-0.00000 0.00000 -0.00001 0.00000
0.00000 0.00000 0.00000 0.00000
0.00001 0.00001 -0.00001 0.00002
0.00000 0.00000 0.00000 0.00000
-0.00000 0.00000 -0.00001 0.00000
-0.00004 0.00008 -0.00021 0.00000
0.00018 0.00018 -0.00004 0.00045
0.00007 0.00011 -0.00003 0.00023
-0.00005 0.00008 -0.00021 0.00000
-0.00001 0.00001 -0.00002 0.00000
-0.00001 0.00001 -0.00002 0.00000
-0.00001 0.00001 -0.00002 0.00000
0.00031 0.00007 0.00020 0.00041
-0.00000 0.00000 -0.00001 0.00000
0.00000 0.00000 0.00000 0.00000
-0.00161 0.00001 -0.00162 -0.00160
-0.00140 0.00002 -0.00141 -0.00136
0.00060 0.00001 0.00059 0.00062
0.00198 0.00006 0.00194 0.00209
0.00007 0.00014 0.00000 0.00034
