# avg	std	min	max
0.00000 0.00000 0.00000 0.00000
0.00000 0.00000 0.00000 0.00000
0.07244 0.09276 -0.00330 0.18605
-0.00064 0.00128 -0.00320 0.00000
0.03507 0.07412 -0.00687 0.18248
0.00000 0.00000 0.00000 0.00000
-0.01234 0.00927 -0.01765 0.00618
0.20709 0.18342 -0.01754 0.35900
0.07868 0.09052 0.00000 0.18935
0.00697 0.01332 0.00000 0.03360
0.03133 0.06921 -0.00328 0.16974
0.00074 0.00870 -0.00363 0.01813
0.21907 0.13640 -0.01655 0.40593
-0.00517 0.00058 -0.00546 -0.00401
-0.00050 0.00025 -0.00066 0.00000
0.10826 0.00713 0.09573 0.11428
0.09714 0.01699 0.08513 0.13086
0.00045 0.09290 -0.07975 0.11425
-0.42460 0.31432 -0.81801 -0.15575
0.02788 0.06065 -0.02555 0.11149
