# avg	std	min	max
-0.00313 0.00663 -0.01534 0.00238
-0.00974 0.01069 -0.02418 0.00536
0.00156 0.00161 -0.00032 0.00457
0.00004 0.00051 -0.00092 0.00060
0.00041 0.00002 0.00038 0.00045
-0.00003 0.00006 -0.00014 0.00004
0.02082 0.01834 -0.01115 0.04513
0.01542 0.02116 -0.00464 0.04737
0.00416 0.00650 0.00001 0.01712
-0.00874 0.01835 -0.03446 0.00869
0.00215 0.00144 -0.00001 0.00436
-0.00782 0.00790 -0.01683 0.00141
0.06460 0.10784 -0.00862 0.27736
0.00072 0.00005 0.00066 0.00080
0.00021 0.00005 0.00012 0.00027
-0.01376 0.01222 -0.02780 0.00449
0.01421 0.01509 -0.00676 0.04010
-0.00615 0.00614 -0.01551 0.00274
-0.02835 0.00841 -0.03743 -0.01587
-0.00189 0.00202 -0.00569 -0.00039
