# avg	std	min	max
0.00000 0.00000 0.00000 0.00000
0.00000 0.00000 0.00000 0.00000
0.00000 0.00000 0.00000 0.00000
0.00000 0.00000 0.00000 0.00000
0.00000 0.00000 0.00000 0.00000
0.00000 0.00000 0.00000 0.00000
-0.00001 0.00002 -0.00005 0.00000
-0.00003 0.00000 -0.00003 -0.00003
0.00000 0.00000 0.00000 0.00000
-0.00034 0.00042 -0.00085 0.00001
0.00000 0.00000 0.00000 0.00000
0.00000 0.00000 0.00000 0.00000
-0.00002 0.00001 -0.00003 0.00000
-0.00035 0.00041 -0.00086 -0.00001
0.00000 0.00000 0.00000 0.00000
0.00000 0.00000 0.00000 0.00000
0.00000 0.00000 0.00000 0.00000
0.00310 0.00713 -0.00344 0.01198
0.00354 0.00707 0.00000 0.01768
-0.00003 0.00000 -0.00003 -0.00003
