# avg	std	min	max
0.00081 0.00036 0.00063 0.00154
-0.00080 0.00044 -0.00116 -0.00026
-0.00031 0.00107 -0.00206 0.00095
0.00142 0.00093 -0.00037 0.00229
-0.00167 0.00184 -0.00260 0.00201
0.00000 0.00000 0.00000 0.00000
0.00048 0.00110 -0.00067 0.00252
0.00405 0.00194 0.00166 0.00672
0.00042 0.00044 0.00006 0.00096
-0.00129 0.00071 -0.00190 0.00011
-0.00134 0.00081 -0.00175 0.00027
-0.00168 0.00109 -0.00287 0.00000
-0.00070 0.00126 -0.00212 0.00083
-0.00102 0.00002 -0.00105 -0.00101
-0.00269 0.00040 -0.00296 -0.00190
0.01390 0.00082 0.01342 0.01554
-0.00091 0.00000 -0.00091 -0.00091
0.00089 0.00037 0.00069 0.00164
-0.00170 0.00039 -0.00194 -0.00093
0.00093 0.00273 -0.00222 0.00599
