# avg	std	min	max
-0.01474 0.00051 -0.01529 -0.01411
-0.01686 0.00011 -0.01708 -0.01679
-0.01537 0.01085 -0.03400 -0.00461
-0.02093 0.00215 -0.02516 -0.01921
-0.02949 0.00630 -0.03690 -0.01990
-0.02466 0.00557 -0.03569 -0.02059
-0.02927 0.00815 -0.03913 -0.01945
0.28654 0.00140 0.28435 0.28841
0.00783 0.02716 -0.02482 0.05119
-0.01466 0.00595 -0.01796 -0.00276
-0.01288 0.00880 -0.02845 -0.00437
-0.02459 0.00792 -0.03453 -0.01798
-0.02693 0.00744 -0.03489 -0.01659
-0.00049 0.00076 -0.00147 0.00022
-0.00134 0.00035 -0.00177 -0.00086
-0.14156 0.01080 -0.15041 -0.12731
-0.09847 0.00068 -0.09956 -0.09753
0.00279 0.00342 -0.00192 0.00877
0.01481 0.01642 0.00086 0.04704
-0.02885 0.00594 -0.03319 -0.01777
