# avg	std	min	max
0.00427 0.00027 0.00412 0.00481
-0.00177 0.00001 -0.00178 -0.00176
-0.00339 0.00034 -0.00357 -0.00270
-0.00304 0.00054 -0.00360 -0.00217
-0.00731 0.00057 -0.00842 -0.00681
-0.00815 0.00028 -0.00851 -0.00768
-0.00023 0.00049 -0.00085 0.00018
-0.00156 0.00120 -0.00372 -0.00065
-0.00665 0.00283 -0.01066 -0.00272
-0.00144 0.00000 -0.00144 -0.00143
-0.00245 0.00042 -0.00279 -0.00193
0.00063 0.00141 -0.00209 0.00173
-0.00023 0.00084 -0.00089 0.00127
0.00000 0.00000 0.00000 0.00001
-0.00446 0.00274 -0.00676 -0.00056
0.02883 0.00606 0.01833 0.03730
0.05063 0.00111 0.04898 0.05159
-0.02806 0.00716 -0.03732 -0.01964
-0.06344 0.00562 -0.07438 -0.05838
0.00001 0.00024 -0.00048 0.00014
