# avg	std	min	max
-0.00002 0.00003 -0.00005 0.00001
-0.00001 0.00002 -0.00004 0.00002
0.00000 0.00000 0.00000 0.00000
-0.00001 0.00001 -0.00003 0.00000
-0.00001 0.00002 -0.00006 0.00001
0.00001 0.00001 0.00000 0.00002
0.00001 0.00002 -0.00002 0.00005
-0.00002 0.00004 -0.00006 0.00004
0.00000 0.00000 0.00000 0.00000
-0.00000 0.00000 -0.00001 0.00000
-0.00002 0.00002 -0.00005 0.00001
0.00003 0.00002 0.00001 0.00006
0.00000 0.00003 -0.00004 0.00005
0.00002 0.00003 0.00000 0.00007
0.00006 0.00010 -0.00004 0.00024
-0.00100 0.00060 -0.00148 0.00000
-0.00021 0.00002 -0.00024 -0.00019
-0.00032 0.00056 -0.00100 0.00024
-0.00305 0.00602 -0.00829 0.00819
0.00000 0.00000 0.00000 0.00000
