# avg	std	min	max
-0.00202 0.00404 -0.01011 0.00000
0.00000 0.00000 0.00000 0.00000
0.00000 0.00000 0.00000 0.00000
0.00000 0.00000 0.00000 0.00000
-0.00202 0.00405 -0.01012 0.00000
0.00000 0.00000 0.00000 0.00000
0.00000 0.00000 0.00000 0.00000
0.00379 0.00466 0.00000 0.01011
0.00000 0.00000 0.00000 0.00000
-0.00025 0.00049 -0.00123 0.00000
0.00000 0.00000 0.00000 0.00000
0.00000 0.00000 0.00000 0.00000
0.00000 0.00000 0.00000 0.00000
0.00000 0.00000 0.00000 0.00000
0.00000 0.00000 0.00000 0.00000
0.00746 0.00308 0.00390 0.01111
0.00576 0.00327 0.00000 0.00986
0.00000 0.00000 0.00000 0.00000
-0.00430 0.00478 -0.01013 0.00000
0.00000 0.00000 0.00000 0.00000
