# avg	std	min	max
0.26676 0.05098 0.24116 0.36871
0.10371 0.07414 0.04594 0.22593
0.05371 0.00027 0.05342 0.05407
-0.15543 0.00491 -0.16526 -0.15293
0.05648 0.00025 0.05598 0.05668
-0.07102 0.14410 -0.15595 0.21682
-0.09408 0.06712 -0.14875 0.01277
-0.14900 0.00576 -0.15317 -0.13834
0.00000 0.00001 -0.00001 0.00002
-0.00269 0.04233 -0.02401 0.08196
0.00846 0.04237 -0.01296 0.09321
-0.00477 0.00002 -0.00479 -0.00473
-0.14857 0.01103 -0.16235 -0.13295
0.00690 0.02639 -0.01550 0.03923
-0.11583 0.28767 -0.69019 0.04845
0.23867 0.07519 0.17730 0.36634
-0.07017 0.28138 -0.41668 0.16419
-0.15582 0.07375 -0.22213 -0.04957
-0.19616 0.11946 -0.35122 -0.07450
-0.20327 0.04228 -0.22707 -0.11875
