# avg	std	min	max
0.83010 0.08889 0.65585 0.89337
0.27172 0.06820 0.20815 0.39423
-0.63308 0.66163 -1.23940 0.29105
-0.48838 0.07051 -0.57413 -0.36350
1.72143 0.29619 1.18503 2.02760
-0.48681 0.24953 -0.90376 -0.17042
-0.36552 0.36913 -0.68970 0.28945
-0.86958 0.34101 -1.45650 -0.50174
-0.39422 0.16486 -0.72292 -0.29093
1.26147 0.03806 1.19505 1.31359
1.44157 0.12218 1.29167 1.60600
0.49131 0.03975 0.45830 0.54268
-0.13324 0.29595 -0.49807 0.33419
-0.06544 0.35570 -0.48801 0.33805
-0.00543 0.00000 -0.00543 -0.00543
1.50563 0.32958 0.91469 1.86410
-0.04267 0.07625 -0.14542 0.04637
0.30619 0.13297 0.08128 0.46928
-0.01193 0.59756 -1.12619 0.68470
0.67681 0.71938 -0.66953 1.26818
