# avg	std	min	max
-0.16791 0.08278 -0.21699 -0.00284
-0.26454 0.57216 -1.40877 0.02731
-0.00669 0.01693 -0.01806 0.02586
-0.00550 0.01089 -0.01800 0.01170
0.00306 0.02439 -0.01704 0.04943
-0.00384 0.01932 -0.01818 0.03148
0.12866 0.26669 -0.04013 0.65758
0.12278 0.53857 -0.46480 1.14371
0.00050 0.01286 -0.02517 0.00794
-0.17969 0.07894 -0.22746 -0.02226
0.02505 0.01520 0.00010 0.04328
-0.01751 0.09577 -0.20747 0.04294
0.19262 0.44026 -0.03745 1.07299
-0.44756 0.45314 -1.35378 -0.21541
-0.01589 0.10705 -0.22927 0.05093
-0.09570 0.31464 -0.72489 0.07198
0.03960 0.00915 0.02864 0.05158
-0.15057 0.10195 -0.26217 -0.01686
0.00000 0.00000 0.00000 0.00000
-0.00263 0.00016 -0.00277 -0.00236
