# avg	std	min	max
-0.16855 0.14189 -0.42363 -0.00791
-0.04431 0.08230 -0.18733 0.01817
-0.06474 0.16255 -0.38983 0.01691
0.02061 0.20658 -0.18949 0.40938
-0.23506 0.17428 -0.49450 -0.00327
-0.09267 0.16839 -0.42642 0.01733
-0.09573 0.09672 -0.28007 -0.00900
0.05982 0.10378 -0.00348 0.26463
-0.12691 0.11687 -0.33623 0.01686
-0.05724 0.07639 -0.19002 0.01767
-0.02059 0.07472 -0.17002 0.01744
0.00596 0.00880 -0.00364 0.01713
-0.01753 0.03082 -0.07908 0.00114
-0.10648 0.10930 -0.29323 -0.00303
-0.05545 0.07493 -0.19163 0.00003
-0.05693 0.09450 -0.20246 0.04129
-0.19995 0.14446 -0.35776 -0.00001
0.00426 0.00676 -0.00001 0.01774
0.00000 0.00000 0.00000 0.00000
-0.06322 0.11299 -0.28144 0.01711
