# avg	std	min	max
0.01215 0.00598 0.00632 0.02370
0.00443 0.00732 -0.00489 0.01510
0.02025 0.01444 0.00139 0.04319
0.01903 0.01538 -0.00385 0.04386
0.11102 0.17942 0.01669 0.46976
0.01066 0.01136 -0.00492 0.02312
0.01314 0.00914 0.00127 0.02282
0.02788 0.00892 0.01616 0.04364
0.01954 0.00856 0.00759 0.03164
0.02346 0.00319 0.01882 0.02875
0.13063 0.13566 0.01653 0.30001
0.01821 0.00605 0.00753 0.02382
0.02612 0.00946 0.01674 0.04438
0.01364 0.00891 0.00222 0.02543
0.02785 0.01141 0.01670 0.04416
0.03434 0.00533 0.02970 0.04427
0.02375 0.01411 -0.00252 0.03593
0.01086 0.00945 0.00098 0.02707
-0.00316 0.01301 -0.01822 0.02011
0.01988 0.01394 0.00279 0.04376
