# avg	std	min	max
-0.04809 0.01538 -0.06320 -0.01837
-0.08617 0.05644 -0.19037 -0.01981
-0.14332 0.04043 -0.22399 -0.11879
-0.16372 0.13464 -0.28036 0.08654
-0.13340 0.05454 -0.24180 -0.09731
-0.36387 0.02510 -0.38199 -0.31428
0.29890 0.31692 -0.30355 0.57110
0.57814 0.28860 0.00374 0.76947
-0.01377 0.64277 -0.97103 0.62232
0.02717 0.45937 -0.25598 0.94046
-0.18606 0.05403 -0.23198 -0.08101
0.19555 0.46500 -0.26633 0.94864
-0.08721 0.39848 -0.34339 0.70679
0.13602 0.42730 -0.25340 0.94219
-0.09633 0.09071 -0.22821 0.00711
-0.14137 0.10707 -0.21892 0.05814
-0.13086 0.17329 -0.39159 0.13493
0.13086 0.43793 -0.20486 0.99639
0.08932 0.16087 0.00000 0.40979
-0.09289 0.10267 -0.24882 0.01834
