# avg	std	min	max
0.37506 0.05480 0.26839 0.42608
0.42302 0.01297 0.40387 0.43346
0.37386 0.05079 0.27232 0.40136
0.40125 0.00313 0.39638 0.40386
0.39841 0.01189 0.38880 0.42169
0.38167 0.05502 0.27468 0.43333
0.40453 0.01874 0.38738 0.43333
0.37532 0.01029 0.36792 0.39577
-0.77182 0.02946 -0.82642 -0.74565
0.35630 0.06951 0.27003 0.43350
0.38124 0.05448 0.27545 0.43263
0.41783 0.01597 0.39836 0.43340
0.44167 0.00150 0.44037 0.44461
0.39783 0.00649 0.38585 0.40372
0.41349 0.01634 0.39729 0.43340
0.50895 0.01204 0.49336 0.51996
0.51668 0.01472 0.50370 0.53711
0.19495 0.04516 0.10586 0.22277
-0.00007 0.00000 -0.00007 -0.00007
0.87771 0.60495 0.37123 1.63834
