# avg	std	min	max
-0.00515 0.00012 -0.00526 -0.00500
-0.00515 0.00009 -0.00528 -0.00505
-0.00685 0.00093 -0.00785 -0.00524
-0.00528 0.00010 -0.00539 -0.00510
-0.00601 0.00089 -0.00724 -0.00497
-0.00526 0.00010 -0.00538 -0.00508
-0.00524 0.00011 -0.00538 -0.00511
-0.00522 0.00009 -0.00538 -0.00512
-0.01234 0.00653 -0.02101 -0.00260
-0.00515 0.00005 -0.00525 -0.00510
-0.00512 0.00022 -0.00548 -0.00487
-0.00524 0.00016 -0.00548 -0.00505
-0.00538 0.00023 -0.00583 -0.00520
-0.00517 0.00007 -0.00529 -0.00508
-0.00517 0.00006 -0.00523 -0.00509
-0.01107 0.00204 -0.01513 -0.00959
-0.01030 0.00026 -0.01066 -0.00986
-0.00217 0.00005 -0.00224 -0.00210
0.00002 0.00006 -0.00008 0.00008
-0.00518 0.00011 -0.00535 -0.00505
