# avg	std	min	max
-0.00480 0.00118 -0.00704 -0.00358
-0.00513 0.00098 -0.00689 -0.00431
-0.00638 0.00169 -0.00831 -0.00427
-0.00427 0.00021 -0.00456 -0.00400
-0.00831 0.00148 -0.01119 -0.00734
-0.00365 0.00147 -0.00455 -0.00071
-0.00431 0.00018 -0.00460 -0.00410
-0.00258 0.00272 -0.00747 -0.00051
-0.00728 0.00046 -0.00816 -0.00683
-0.00534 0.00177 -0.00748 -0.00329
-0.00437 0.00186 -0.00711 -0.00126
-0.00542 0.00170 -0.00748 -0.00354
-0.00344 0.00146 -0.00422 -0.00053
-0.00745 0.00004 -0.00747 -0.00737
-0.00738 0.00216 -0.01072 -0.00389
-0.00388 0.00266 -0.00685 -0.00061
-0.00399 0.00198 -0.00697 -0.00072
-0.00421 0.00212 -0.00735 -0.00070
0.00001 0.00000 0.00001 0.00001
-0.00617 0.00153 -0.00747 -0.00389
