# avg	std	min	max
0.80442 0.09413 0.67029 0.94995
0.49632 0.00637 0.48366 0.50072
-0.08176 0.00353 -0.08577 -0.07551
-0.76490 0.68380 -1.37918 0.08137
-1.55664 0.04657 -1.61000 -1.49943
-0.83058 0.74242 -1.43939 0.15917
-0.03212 0.38530 -0.53415 0.31605
0.35397 0.08396 0.23730 0.47790
0.37169 0.00277 0.36709 0.37568
0.41021 0.04183 0.38742 0.49385
-0.00109 0.00157 -0.00299 0.00091
0.16605 0.06884 0.10863 0.25451
-0.04658 0.30976 -0.38893 0.44722
0.47157 0.44709 -0.42075 0.74038
-0.01926 0.61434 -0.92855 0.49273
-1.30300 0.05589 -1.35832 -1.23265
-0.90590 0.08849 -1.07757 -0.82636
-0.20165 0.83228 -0.99607 1.09821
0.13509 0.65619 -0.46964 0.94388
0.67138 0.07226 0.61179 0.79676
