# avg	std	min	max
0.09463 0.00015 0.09435 0.09475
0.15942 0.00021 0.15913 0.15968
-0.18104 0.00033 -0.18146 -0.18070
0.01924 0.01811 -0.00739 0.03962
-0.20682 0.00038 -0.20730 -0.20625
0.03656 0.06498 -0.02582 0.15286
0.00206 0.08725 -0.16820 0.08144
0.01536 0.23514 -0.13610 0.48212
0.08916 0.00013 0.08899 0.08935
0.23247 0.00120 0.23123 0.23477
-0.00019 0.00027 -0.00048 0.00027
0.18379 0.00127 0.18275 0.18606
0.25907 0.45777 0.00577 1.17404
0.23030 0.02677 0.19733 0.26694
-0.40722 0.05070 -0.45445 -0.33019
0.17245 0.06749 0.13145 0.30659
0.23906 0.03369 0.18562 0.29114
-0.26474 0.20259 -0.47903 0.09497
0.01061 0.30166 -0.36512 0.30356
0.04542 0.01047 0.02788 0.05625
