# avg	std	min	max
0.00000 0.00000 0.00000 0.00000
0.00000 0.00000 0.00000 0.00000
0.00000 0.00000 0.00000 0.00000
0.00000 0.00000 0.00000 0.00000
0.00000 0.00000 0.00000 0.00000
0.00000 0.00000 0.00000 0.00000
0.00000 0.00000 0.00000 0.00000
-0.00000 0.00000 -0.00001 0.00000
0.00000 0.00000 0.00000 0.00000
0.00000 0.00000 0.00000 0.00000
0.00000 0.00000 0.00000 0.00000
0.00000 0.00000 0.00000 0.00000
-0.00000 0.00000 -0.00001 0.00000
-0.00001 0.00000 -0.00001 0.00000
-0.00000 0.00000 -0.00001 0.00000
-0.01302 0.00001 -0.01303 -0.01301
-0.01319 0.01204 -0.03059 -0.00066
-0.00466 0.00581 -0.00991 0.00614
-0.00488 0.01001 -0.01529 0.00736
0.00000 0.00000 0.00000 0.00000
