# avg	std	min	max
0.00000 0.00000 0.00000 0.00000
0.00000 0.00000 0.00000 0.00000
0.00000 0.00000 0.00000 0.00000
0.00003 0.00004 -0.00002 0.00008
0.00000 0.00000 0.00000 0.00000
0.00003 0.00006 -0.00006 0.00013
0.00003 0.00006 -0.00008 0.00010
0.00038 0.00030 -0.00017 0.00072
-0.00004 0.00006 -0.00011 0.00001
0.00002 0.00003 0.00000 0.00006
0.00001 0.00002 0.00000 0.00005
0.00000 0.00000 0.00000 0.00000
0.00004 0.00003 0.00000 0.00009
0.00009 0.00007 0.00005 0.00022
0.00026 0.00019 0.00000 0.00042
-0.00050 0.00002 -0.00054 -0.00048
-0.00058 0.00047 -0.00109 0.00020
0.01022 0.00015 0.01001 0.01042
0.00943 0.00714 0.00089 0.02264
0.00008 0.00019 -0.00018 0.00041
