# avg	std	min	max
0.00004 0.00003 0.00001 0.00010
0.00002 0.00003 -0.00002 0.00007
0.00000 0.00000 0.00000 0.00000
0.00006 0.00009 0.00000 0.00023
0.00003 0.00002 -0.00001 0.00006
0.00001 0.00002 0.00000 0.00004
-0.00851 0.00712 -0.01454 0.00040
0.00028 0.00048 -0.00054 0.00082
0.00000 0.00000 0.00000 0.00000
0.00001 0.00003 -0.00002 0.00006
0.00001 0.00002 -0.00001 0.00006
0.00004 0.00004 0.00000 0.00011
-0.00857 0.01768 -0.04392 0.00032
0.00002 0.00001 0.00000 0.00003
0.00004 0.00009 -0.00002 0.00023
0.00068 0.00031 0.00049 0.00129
-0.00138 0.00002 -0.00141 -0.00135
0.01519 0.00826 -0.00125 0.02054
0.02112 0.00187 0.01768 0.02274
0.00000 0.00000 0.00000 0.00000
