# avg	std	min	max
0.00138 0.00230 -0.00322 0.00255
0.00117 0.00006 0.00106 0.00121
-0.00001 0.00001 -0.00002 0.00000
0.00318 0.00171 0.00183 0.00647
-0.00428 0.00165 -0.00713 -0.00286
0.00106 0.00114 -0.00091 0.00213
-0.00039 0.00071 -0.00100 0.00049
-0.00491 0.00192 -0.00695 -0.00266
-0.00584 0.00001 -0.00585 -0.00582
0.00059 0.00001 0.00058 0.00061
-0.00109 0.00001 -0.00110 -0.00108
-0.00001 0.00002 -0.00004 0.00001
-0.00029 0.00070 -0.00094 0.00066
0.00207 0.00050 0.00181 0.00308
0.00452 0.00187 0.00115 0.00624
0.01736 0.00002 0.01734 0.01738
0.04514 0.04608 0.01968 0.13724
-0.00765 0.00870 -0.01833 0.00048
0.00153 0.00051 0.00051 0.00182
0.00076 0.00021 0.00041 0.00097
