# avg	std	min	max
0.06556 0.13194 -0.00083 0.32943
0.00028 0.00123 -0.00202 0.00115
0.00000 0.00000 0.00000 0.00000
-0.00000 0.00000 -0.00001 0.00000
-0.00260 0.00485 -0.01224 0.00028
-0.00011 0.00042 -0.00090 0.00036
-0.01673 0.05025 -0.11359 0.03343
-0.00626 0.16306 -0.27208 0.24311
-0.00373 0.00604 -0.01572 0.00000
0.00010 0.00058 -0.00066 0.00115
-0.00009 0.00006 -0.00016 0.00000
0.00000 0.00000 0.00000 0.00000
0.00819 0.00802 -0.00137 0.01796
-0.00020 0.00010 -0.00027 0.00000
-0.00028 0.00035 -0.00082 0.00001
-0.00073 0.00268 -0.00609 0.00094
0.05954 0.11984 -0.00059 0.29921
-0.00337 0.00596 -0.01525 0.00056
-0.00031 0.00048 -0.00115 0.00027
-0.01749 0.03383 -0.08515 0.00000
