# avg	std	min	max
-0.11035 0.08812 -0.18232 -0.00240
-0.02706 0.07147 -0.16994 0.01000
-0.00210 0.00257 -0.00527 0.00001
-0.08202 0.08253 -0.18246 -0.00401
-0.14579 0.00132 -0.14664 -0.14317
-0.06055 0.07091 -0.20230 -0.02246
-0.12305 0.11060 -0.29970 -0.00720
-0.17019 0.09742 -0.31078 -0.00789
-0.35862 0.08842 -0.47226 -0.28213
-0.10948 0.08559 -0.17940 -0.00464
-0.03026 0.07147 -0.17315 0.00682
0.01521 0.00207 0.01107 0.01630
-0.06126 0.06822 -0.18786 -0.01318
-0.03957 0.07042 -0.18035 -0.00052
-0.07881 0.08643 -0.18464 -0.00481
-0.35988 0.10979 -0.49152 -0.22202
-0.43683 0.10600 -0.62006 -0.31000
-0.04801 0.08580 -0.15353 0.02524
0.01284 0.08474 -0.09285 0.09465
-0.04186 0.07095 -0.18368 -0.00375
