# avg	std	min	max
-0.00122 0.00000 -0.00122 -0.00122
0.00000 0.00000 0.00000 0.00000
0.00051 0.00000 0.00051 0.00051
-0.00015 0.00000 -0.00015 -0.00015
-0.02584 0.00000 -0.02584 -0.02584
0.00000 0.00000 0.00000 0.00000
-0.00005 0.00000 -0.00005 -0.00005
0.00000 0.00000 0.00000 0.00000
0.00000 0.00000 0.00000 0.00000
0.00000 0.00000 0.00000 0.00000
0.00000 0.00000 0.00000 0.00000
0.00033 0.00000 0.00033 0.00033
-0.00131 0.00000 -0.00131 -0.00131
0.00000 0.00000 0.00000 0.00000
0.00000 0.00000 0.00000 0.00000
0.00004 0.00000 0.00004 0.00004
0.00010 0.00000 0.00010 0.00010
0.00000 0.00000 0.00000 0.00000
0.00000 0.00000 0.00000 0.00000
0.00011 0.00000 0.00011 0.00011
