# avg	std	min	max
-0.06914 0.00000 -0.06914 -0.06914
-0.11085 0.00000 -0.11085 -0.11085
-0.06859 0.00000 -0.06859 -0.06859
-0.32162 0.00000 -0.32162 -0.32162
-0.09281 0.00000 -0.09281 -0.09281
-0.02731 0.00000 -0.02731 -0.02731
-0.10620 0.00000 -0.10620 -0.10620
-0.06928 0.00000 -0.06928 -0.06928
-0.06521 0.00000 -0.06521 -0.06521
-0.25926 0.00000 -0.25926 -0.25926
-0.17179 0.00000 -0.17179 -0.17179
-0.22685 0.00000 -0.22685 -0.22685
-0.00836 0.00000 -0.00836 -0.00836
-0.18550 0.00000 -0.18550 -0.18550
-0.22571 0.00000 -0.22571 -0.22571
-0.00031 0.00000 -0.00031 -0.00031
0.03540 0.00000 0.03540 0.03540
-0.16525 0.00000 -0.16525 -0.16525
-0.14774 0.00000 -0.14774 -0.14774
-0.01589 0.00000 -0.01589 -0.01589
