# avg	std	min	max
-0.18414 0.00000 -0.18414 -0.18414
-0.16262 0.00000 -0.16262 -0.16262
-0.20351 0.00000 -0.20351 -0.20351
-0.14309 0.00000 -0.14309 -0.14309
-0.12910 0.00000 -0.12910 -0.12910
-0.12776 0.00000 -0.12776 -0.12776
-0.17108 0.00000 -0.17108 -0.17108
-0.19126 0.00000 -0.19126 -0.19126
-0.22156 0.00000 -0.22156 -0.22156
-0.18404 0.00000 -0.18404 -0.18404
-0.18970 0.00000 -0.18970 -0.18970
-0.13569 0.00000 -0.13569 -0.13569
-0.18088 0.00000 -0.18088 -0.18088
-0.19643 0.00000 -0.19643 -0.19643
-0.17094 0.00000 -0.17094 -0.17094
0.00002 0.00000 0.00002 0.00002
-0.01685 0.00000 -0.01685 -0.01685
-0.26158 0.00000 -0.26158 -0.26158
-0.49841 0.00000 -0.49841 -0.49841
-0.21810 0.00000 -0.21810 -0.21810
