# avg	std	min	max
0.02297 0.00000 0.02297 0.02297
-0.24152 0.00000 -0.24152 -0.24152
-0.18846 0.00000 -0.18846 -0.18846
-0.26112 0.00000 -0.26112 -0.26112
-0.19345 0.00000 -0.19345 -0.19345
-0.34896 0.00000 -0.34896 -0.34896
-0.23901 0.00000 -0.23901 -0.23901
-0.30175 0.00000 -0.30175 -0.30175
-0.29645 0.00000 -0.29645 -0.29645
-0.26457 0.00000 -0.26457 -0.26457
0.07193 0.00000 0.07193 0.07193
-0.27718 0.00000 -0.27718 -0.27718
-0.24254 0.00000 -0.24254 -0.24254
-0.29762 0.00000 -0.29762 -0.29762
-0.22998 0.00000 -0.22998 -0.22998
-0.00126 0.00000 -0.00126 -0.00126
-0.04259 0.00000 -0.04259 -0.04259
-0.38795 0.00000 -0.38795 -0.38795
-0.48056 0.00000 -0.48056 -0.48056
-0.25840 0.00000 -0.25840 -0.25840
