# avg	std	min	max
-0.01485 0.00000 -0.01485 -0.01485
-0.04145 0.00000 -0.04145 -0.04145
-0.00497 0.00000 -0.00497 -0.00497
0.02364 0.00000 0.02364 0.02364
0.00194 0.00000 0.00194 0.00194
-0.04401 0.00000 -0.04401 -0.04401
-0.00043 0.00000 -0.00043 -0.00043
-0.10216 0.00000 -0.10216 -0.10216
-0.05673 0.00000 -0.05673 -0.05673
-0.04163 0.00000 -0.04163 -0.04163
-0.03207 0.00000 -0.03207 -0.03207
-0.02308 0.00000 -0.02308 -0.02308
-0.00343 0.00000 -0.00343 -0.00343
0.04913 0.00000 0.04913 0.04913
0.01222 0.00000 0.01222 0.01222
0.04523 0.00000 0.04523 0.04523
0.03359 0.00000 0.03359 0.03359
0.00540 0.00000 0.00540 0.00540
0.03690 0.00000 0.03690 0.03690
0.01371 0.00000 0.01371 0.01371
