# avg	std	min	max
0.00000 0.00000 0.00000 0.00000
0.00524 0.00000 0.00524 0.00524
0.02406 0.00000 0.02406 0.02406
0.01916 0.00000 0.01916 0.01916
0.04860 0.00000 0.04860 0.04860
0.01833 0.00000 0.01833 0.01833
0.05266 0.00000 0.05266 0.05266
0.02836 0.00000 0.02836 0.02836
0.00444 0.00000 0.00444 0.00444
0.00791 0.00000 0.00791 0.00791
0.00906 0.00000 0.00906 0.00906
0.02258 0.00000 0.02258 0.02258
0.01076 0.00000 0.01076 0.01076
0.00318 0.00000 0.00318 0.00318
-0.01612 0.00000 -0.01612 -0.01612
0.05193 0.00000 0.05193 0.05193
-0.00379 0.00000 -0.00379 -0.00379
-0.00189 0.00000 -0.00189 -0.00189
-0.00586 0.00000 -0.00586 -0.00586
0.03866 0.00000 0.03866 0.03866
