# avg	std	min	max
0.00000 0.00000 0.00000 0.00000
0.00000 0.00000 0.00000 0.00000
0.00000 0.00000 0.00000 0.00000
0.00030 0.00000 0.00030 0.00030
-0.00000 0.00000 -0.00000 -0.00000
0.00405 0.00000 0.00405 0.00405
0.00000 0.00000 0.00000 0.00000
0.00000 0.00000 0.00000 0.00000
0.00000 0.00000 0.00000 0.00000
0.00000 0.00000 0.00000 0.00000
0.00149 0.00000 0.00149 0.00149
0.00000 0.00000 0.00000 0.00000
0.00000 0.00000 0.00000 0.00000
0.00000 0.00000 0.00000 0.00000
0.00000 0.00000 0.00000 0.00000
0.00000 0.00000 0.00000 0.00000
0.00000 0.00000 0.00000 0.00000
0.00030 0.00000 0.00030 0.00030
0.00105 0.00000 0.00105 0.00105
0.00000 0.00000 0.00000 0.00000
