# avg	std	min	max
-0.06287 0.00000 -0.06287 -0.06287
-0.08320 0.00000 -0.08320 -0.08320
-0.13965 0.00000 -0.13965 -0.13965
0.00006 0.00000 0.00006 0.00006
-0.13868 0.00000 -0.13868 -0.13868
0.00221 0.00000 0.00221 0.00221
-0.01281 0.00000 -0.01281 -0.01281
0.10772 0.00000 0.10772 0.10772
-0.07271 0.00000 -0.07271 -0.07271
-0.09496 0.00000 -0.09496 -0.09496
-0.15936 0.00000 -0.15936 -0.15936
-0.09775 0.00000 -0.09775 -0.09775
0.02301 0.00000 0.02301 0.02301
-0.11183 0.00000 -0.11183 -0.11183
0.01449 0.00000 0.01449 0.01449
-0.14270 0.00000 -0.14270 -0.14270
0.03920 0.00000 0.03920 0.03920
-0.09381 0.00000 -0.09381 -0.09381
-0.20264 0.00000 -0.20264 -0.20264
0.11032 0.00000 0.11032 0.11032
