# avg	std	min	max
0.00099 0.00000 0.00099 0.00099
0.00099 0.00000 0.00099 0.00099
0.00065 0.00000 0.00065 0.00065
0.00000 0.00000 0.00000 0.00000
0.00002 0.00000 0.00002 0.00002
0.00032 0.00000 0.00032 0.00032
0.01045 0.00000 0.01045 0.01045
-0.01595 0.00000 -0.01595 -0.01595
0.00046 0.00000 0.00046 0.00046
0.00129 0.00000 0.00129 0.00129
0.00081 0.00000 0.00081 0.00081
0.00061 0.00000 0.00061 0.00061
0.03365 0.00000 0.03365 0.03365
-0.00851 0.00000 -0.00851 -0.00851
0.00099 0.00000 0.00099 0.00099
0.10077 0.00000 0.10077 0.10077
0.06660 0.00000 0.06660 0.06660
-0.00260 0.00000 -0.00260 -0.00260
-0.00677 0.00000 -0.00677 -0.00677
0.00133 0.00000 0.00133 0.00133
