# avg	std	min	max
-0.21182 0.00000 -0.21182 -0.21182
-0.05183 0.00000 -0.05183 -0.05183
0.16471 0.00000 0.16471 0.16471
0.00005 0.00000 0.00005 0.00005
0.13003 0.00000 0.13003 0.13003
0.03662 0.00000 0.03662 0.03662
0.04395 0.00000 0.04395 0.04395
0.14035 0.00000 0.14035 0.14035
0.30860 0.00000 0.30860 0.30860
-0.06952 0.00000 -0.06952 -0.06952
0.05246 0.00000 0.05246 0.05246
-0.01441 0.00000 -0.01441 -0.01441
0.05866 0.00000 0.05866 0.05866
-0.01192 0.00000 -0.01192 -0.01192
0.00318 0.00000 0.00318 0.00318
0.11659 0.00000 0.11659 0.11659
0.11708 0.00000 0.11708 0.11708
-0.02336 0.00000 -0.02336 -0.02336
-0.08364 0.00000 -0.08364 -0.08364
0.07417 0.00000 0.07417 0.07417
