# avg	std	min	max
-0.00001 0.00000 -0.00001 -0.00001
0.00000 0.00000 0.00000 0.00000
-0.00013 0.00000 -0.00013 -0.00013
0.00000 0.00000 0.00000 0.00000
0.00004 0.00000 0.00004 0.00004
0.00000 0.00000 0.00000 0.00000
0.00012 0.00000 0.00012 0.00012
0.00000 0.00000 0.00000 0.00000
0.00000 0.00000 0.00000 0.00000
0.00008 0.00000 0.00008 0.00008
-0.00006 0.00000 -0.00006 -0.00006
0.00002 0.00000 0.00002 0.00002
0.00009 0.00000 0.00009 0.00009
-0.00000 0.00000 -0.00000 -0.00000
0.00000 0.00000 0.00000 0.00000
0.06197 0.00000 0.06197 0.06197
0.09393 0.00000 0.09393 0.09393
-0.01518 0.00000 -0.01518 -0.01518
-0.07622 0.00000 -0.07622 -0.07622
-0.00006 0.00000 -0.00006 -0.00006
