# avg	std	min	max
-0.05035 0.00000 -0.05035 -0.05035
-0.06155 0.00000 -0.06155 -0.06155
-0.01456 0.00000 -0.01456 -0.01456
-0.03084 0.00000 -0.03084 -0.03084
-0.00535 0.00000 -0.00535 -0.00535
-0.00490 0.00000 -0.00490 -0.00490
-0.01328 0.00000 -0.01328 -0.01328
0.00865 0.00000 0.00865 0.00865
0.01217 0.00000 0.01217 0.01217
-0.02820 0.00000 -0.02820 -0.02820
-0.04535 0.00000 -0.04535 -0.04535
-0.02941 0.00000 -0.02941 -0.02941
-0.04688 0.00000 -0.04688 -0.04688
-0.06940 0.00000 -0.06940 -0.06940
0.00000 0.00000 0.00000 0.00000
-0.00833 0.00000 -0.00833 -0.00833
-0.04812 0.00000 -0.04812 -0.04812
-0.01412 0.00000 -0.01412 -0.01412
-0.03036 0.00000 -0.03036 -0.03036
-0.01212 0.00000 -0.01212 -0.01212
