# avg	std	min	max
-0.21131 0.00000 -0.21131 -0.21131
-0.24400 0.00000 -0.24400 -0.24400
-0.04231 0.00000 -0.04231 -0.04231
-0.09155 0.00000 -0.09155 -0.09155
-0.53266 0.00000 -0.53266 -0.53266
-0.55308 0.00000 -0.55308 -0.55308
-0.02053 0.00000 -0.02053 -0.02053
-0.06730 0.00000 -0.06730 -0.06730
0.06941 0.00000 0.06941 0.06941
0.00000 0.00000 0.00000 0.00000
0.20168 0.00000 0.20168 0.20168
-0.06799 0.00000 -0.06799 -0.06799
0.05414 0.00000 0.05414 0.05414
0.31289 0.00000 0.31289 0.31289
-0.22322 0.00000 -0.22322 -0.22322
0.18904 0.00000 0.18904 0.18904
0.14209 0.00000 0.14209 0.14209
-0.39958 0.00000 -0.39958 -0.39958
-0.35343 0.00000 -0.35343 -0.35343
0.19987 0.00000 0.19987 0.19987
