# avg	std	min	max
0.00175 0.00000 0.00175 0.00175
0.00002 0.00000 0.00002 0.00002
0.00291 0.00000 0.00291 0.00291
0.00104 0.00000 0.00104 0.00104
0.00154 0.00000 0.00154 0.00154
-0.00364 0.00000 -0.00364 -0.00364
-0.00008 0.00000 -0.00008 -0.00008
-0.00292 0.00000 -0.00292 -0.00292
0.03510 0.00000 0.03510 0.03510
0.00270 0.00000 0.00270 0.00270
0.00000 0.00000 0.00000 0.00000
-0.00012 0.00000 -0.00012 -0.00012
-0.00013 0.00000 -0.00013 -0.00013
0.00075 0.00000 0.00075 0.00075
-0.00012 0.00000 -0.00012 -0.00012
0.00434 0.00000 0.00434 0.00434
-0.00051 0.00000 -0.00051 -0.00051
-0.00012 0.00000 -0.00012 -0.00012
-0.00011 0.00000 -0.00011 -0.00011
-0.00194 0.00000 -0.00194 -0.00194
