# avg	std	min	max
-0.01292 0.00000 -0.01292 -0.01292
-0.01292 0.00000 -0.01292 -0.01292
-0.00001 0.00000 -0.00001 -0.00001
-0.07062 0.00000 -0.07062 -0.07062
-0.15056 0.00000 -0.15056 -0.15056
-0.01292 0.00000 -0.01292 -0.01292
-0.09489 0.00000 -0.09489 -0.09489
-0.63550 0.00000 -0.63550 -0.63550
-0.09392 0.00000 -0.09392 -0.09392
-0.01292 0.00000 -0.01292 -0.01292
-0.02755 0.00000 -0.02755 -0.02755
-0.01292 0.00000 -0.01292 -0.01292
-0.25236 0.00000 -0.25236 -0.25236
-0.01292 0.00000 -0.01292 -0.01292
-0.01292 0.00000 -0.01292 -0.01292
0.22326 0.00000 0.22326 0.22326
0.16052 0.00000 0.16052 0.16052
-0.42733 0.00000 -0.42733 -0.42733
-0.44151 0.00000 -0.44151 -0.44151
-0.01292 0.00000 -0.01292 -0.01292
