# avg	std	min	max
-0.00668 0.00000 -0.00668 -0.00668
-0.01052 0.00000 -0.01052 -0.01052
-0.01425 0.00000 -0.01425 -0.01425
0.00000 0.00000 0.00000 0.00000
-0.00148 0.00000 -0.00148 -0.00148
-0.01200 0.00000 -0.01200 -0.01200
0.00000 0.00000 0.00000 0.00000
0.00000 0.00000 0.00000 0.00000
-0.01420 0.00000 -0.01420 -0.01420
-0.00817 0.00000 -0.00817 -0.00817
-0.01426 0.00000 -0.01426 -0.01426
-0.01281 0.00000 -0.01281 -0.01281
0.00000 0.00000 0.00000 0.00000
-0.00005 0.00000 -0.00005 -0.00005
-0.00440 0.00000 -0.00440 -0.00440
-0.00209 0.00000 -0.00209 -0.00209
-0.00295 0.00000 -0.00295 -0.00295
-0.00147 0.00000 -0.00147 -0.00147
-0.00295 0.00000 -0.00295 -0.00295
0.00000 0.00000 0.00000 0.00000
