# avg	std	min	max
-0.00911 0.00000 -0.00911 -0.00911
0.00736 0.00000 0.00736 0.00736
-0.00298 0.00000 -0.00298 -0.00298
-0.01253 0.00000 -0.01253 -0.01253
0.00586 0.00000 0.00586 0.00586
-0.01013 0.00000 -0.01013 -0.01013
-0.01231 0.00000 -0.01231 -0.01231
0.01857 0.00000 0.01857 0.01857
-0.04157 0.00000 -0.04157 -0.04157
-0.01076 0.00000 -0.01076 -0.01076
-0.02835 0.00000 -0.02835 -0.02835
-0.00907 0.00000 -0.00907 -0.00907
0.00002 0.00000 0.00002 0.00002
-0.01536 0.00000 -0.01536 -0.01536
-0.01701 0.00000 -0.01701 -0.01701
0.16465 0.00000 0.16465 0.16465
0.15373 0.00000 0.15373 0.15373
-0.05981 0.00000 -0.05981 -0.05981
-0.10879 0.00000 -0.10879 -0.10879
-0.04283 0.00000 -0.04283 -0.04283
