# avg	std	min	max
3.57010 0.00000 3.57010 3.57010
3.10964 0.00000 3.10964 3.10964
2.56950 0.00000 2.56950 2.56950
2.40943 0.00000 2.40943 2.40943
2.44419 0.00000 2.44419 2.44419
2.01760 0.00000 2.01760 2.01760
1.83088 0.00000 1.83088 1.83088
1.76620 0.00000 1.76620 1.76620
2.73101 0.00000 2.73101 2.73101
2.83079 0.00000 2.83079 2.83079
3.28448 0.00000 3.28448 3.28448
2.99650 0.00000 2.99650 2.99650
1.97107 0.00000 1.97107 1.97107
3.45414 0.00000 3.45414 3.45414
3.64814 0.00000 3.64814 3.64814
4.23050 0.00000 4.23050 4.23050
3.91904 0.00000 3.91904 3.91904
3.34068 0.00000 3.34068 3.34068
3.69270 0.00000 3.69270 3.69270
3.10320 0.00000 3.10320 3.10320
