# avg	std	min	max
0.00000 0.00000 0.00000 0.00000
0.00000 0.00000 0.00000 0.00000
0.00000 0.00000 0.00000 0.00000
0.00441 0.01852 -0.01365 0.03319
0.00351 0.00420 0.00000 0.00913
-0.06182 0.11492 -0.29074 0.00354
-0.00648 0.00946 -0.01767 0.00591
0.02309 0.01578 -0.00746 0.03420
0.00000 0.00000 0.00000 0.00000
0.00003 0.00005 0.00000 0.00013
0.00000 0.00000 0.00000 0.00000
0.00000 0.00000 0.00000 0.00000
0.03426 0.00204 0.03074 0.03652
0.02070 0.00083 0.02005 0.02226
0.00921 0.00924 -0.00026 0.02081
-0.06333 0.01877 -0.07677 -0.02616
-0.03061 0.02226 -0.06076 -0.00110
0.03070 0.01243 0.00677 0.04314
0.05094 0.00900 0.03363 0.06003
0.00954 0.01169 0.00000 0.02388
