# avg	std	min	max
0.00206 0.00254 -0.00002 0.00517
0.00000 0.00000 0.00000 0.00000
0.00000 0.00013 -0.00013 0.00024
0.00003 0.00006 0.00000 0.00016
0.00000 0.00000 0.00000 0.00000
0.00206 0.00254 -0.00002 0.00517
0.00100 0.00204 -0.00009 0.00507
0.00099 0.00226 -0.00030 0.00550
0.00003 0.00327 -0.00507 0.00526
0.00001 0.00001 0.00000 0.00003
0.00005 0.00013 -0.00015 0.00020
-0.00005 0.00011 -0.00027 0.00001
0.00206 0.00254 -0.00002 0.00517
0.00105 0.00210 0.00000 0.00524
-0.00100 0.00199 -0.00498 0.00000
0.00076 0.00152 -0.00002 0.00380
0.00000 0.00000 0.00000 0.00000
0.00106 0.00206 0.00000 0.00517
0.00010 0.00010 0.00000 0.00023
0.00000 0.00327 -0.00517 0.00517
