# avg	std	min	max
0.00000 0.00000 0.00000 0.00000
0.00008 0.00015 0.00000 0.00038
0.00103 0.00206 0.00000 0.00516
0.00457 0.00247 0.00000 0.00753
0.00207 0.00253 0.00000 0.00517
0.00000 0.00000 0.00000 0.00000
0.00000 0.00000 0.00000 0.00000
-0.00287 0.00530 -0.01340 0.00082
0.00000 0.00000 0.00000 0.00000
0.00103 0.00207 0.00000 0.00517
0.00000 0.00000 0.00000 0.00000
0.00019 0.00038 0.00000 0.00096
0.00111 0.00203 0.00000 0.00517
0.00207 0.00254 0.00000 0.00518
-0.00028 0.00023 -0.00058 0.00007
-0.05695 0.00139 -0.05808 -0.05432
-0.04646 0.01744 -0.06353 -0.01384
0.00862 0.00281 0.00536 0.01167
0.01459 0.00415 0.00961 0.02113
-0.00019 0.00008 -0.00032 -0.00009
