# avg	std	min	max
0.00000 0.00000 0.00000 0.00000
0.00000 0.00000 0.00000 0.00000
0.00000 0.00000 0.00000 0.00000
-0.02942 0.02424 -0.05346 0.00000
0.00000 0.00000 0.00000 0.00000
-0.00660 0.02094 -0.04509 0.01838
-0.01942 0.01917 -0.04703 0.00000
-0.00537 0.01075 -0.02687 0.00000
-0.04743 0.06828 -0.17483 0.01241
0.00000 0.00000 0.00000 0.00000
0.01217 0.01220 0.00000 0.02879
0.00000 0.00000 0.00000 0.00000
0.00190 0.01786 -0.02325 0.03274
-0.01772 0.01864 -0.05089 0.00000
0.00000 0.00000 0.00000 0.00000
0.00000 0.00000 0.00000 0.00000
0.00000 0.00000 0.00000 0.00000
-0.00503 0.01005 -0.02513 0.00000
0.00000 0.00000 0.00000 0.00000
-0.00428 0.00856 -0.02140 0.00000
