# avg	std	min	max
0.00307 0.00250 0.00000 0.00517
0.00507 0.00008 0.00495 0.00517
0.00517 0.00005 0.00510 0.00525
0.00517 0.00000 0.00517 0.00517
0.00507 0.00021 0.00480 0.00540
0.00515 0.00004 0.00506 0.00517
0.00813 0.00591 0.00516 0.01996
0.00419 0.00210 0.00000 0.00548
0.00513 0.00007 0.00500 0.00517
0.00415 0.00208 0.00000 0.00522
0.00317 0.00259 0.00000 0.00551
0.00419 0.00210 0.00000 0.00543
0.00516 0.00007 0.00505 0.00526
0.00514 0.00006 0.00503 0.00517
0.00313 0.00250 0.00000 0.00517
0.00437 0.00200 0.00042 0.00593
0.00522 0.00017 0.00505 0.00555
0.00000 0.00000 0.00000 0.00000
0.00181 0.00448 -0.00630 0.00517
0.00508 0.00017 0.00474 0.00517
