# avg	std	min	max
0.00000 0.00000 0.00000 0.00000
0.00000 0.00000 0.00000 0.00000
0.00000 0.00000 0.00000 0.00000
0.00000 0.00000 0.00000 0.00000
0.00000 0.00001 0.00000 0.00002
0.00000 0.00000 0.00000 0.00000
0.00000 0.00000 0.00000 0.00000
-0.00000 0.00001 -0.00002 0.00000
0.00000 0.00000 0.00000 0.00000
0.00004 0.00009 0.00000 0.00022
0.00000 0.00000 0.00000 0.00000
0.00000 0.00000 0.00000 0.00000
0.00208 0.00246 0.00000 0.00517
0.00002 0.00004 0.00000 0.00011
-0.00004 0.00010 -0.00024 0.00003
0.00000 0.00000 0.00000 0.00000
0.00000 0.00000 0.00000 0.00000
0.00004 0.00008 0.00000 0.00020
-0.00105 0.00206 -0.00517 0.00000
-0.00005 0.00010 -0.00026 0.00000
