# avg	std	min	max
-0.05130 0.00000 -0.05130 -0.05130
-0.05130 0.00000 -0.05130 -0.05130
-0.05130 0.00000 -0.05130 -0.05130
-0.18882 0.03488 -0.20790 -0.11912
-0.18085 0.00004 -0.18092 -0.18080
-0.19825 0.04949 -0.28486 -0.13100
-0.12539 0.03812 -0.15374 -0.05130
-0.08709 0.09727 -0.22322 0.02815
-0.05130 0.00000 -0.05130 -0.05130
-0.05130 0.00000 -0.05130 -0.05130
-0.05130 0.00000 -0.05130 -0.05130
-0.05130 0.00000 -0.05130 -0.05130
-0.04889 0.01638 -0.06936 -0.03504
-0.05130 0.00000 -0.05130 -0.05130
0.06566 0.01876 0.05205 0.10164
-0.01696 0.02089 -0.03896 0.02292
-0.07822 0.00003 -0.07825 -0.07819
-0.05454 0.05419 -0.14193 -0.00300
0.00000 0.00000 0.00000 0.00000
-0.07893 0.00073 -0.08034 -0.07839
