# avg	std	min	max
-0.02768 0.00239 -0.02965 -0.02406
-0.02652 0.00263 -0.02978 -0.02411
-0.02656 0.00267 -0.03017 -0.02377
-0.02831 0.00200 -0.02944 -0.02431
-0.02439 0.00025 -0.02470 -0.02409
-0.02875 0.00208 -0.03026 -0.02463
-0.02961 0.00062 -0.03075 -0.02898
-0.00977 0.01292 -0.02968 0.00472
-0.02744 0.00231 -0.02994 -0.02451
-0.02848 0.00207 -0.02971 -0.02435
-0.02506 0.00416 -0.03006 -0.01912
-0.02872 0.00221 -0.02995 -0.02431
-0.01055 0.00213 -0.01479 -0.00914
-0.02637 0.00452 -0.02999 -0.01813
-0.02751 0.00279 -0.03000 -0.02318
-0.03050 0.00069 -0.03166 -0.02993
-0.02986 0.00306 -0.03492 -0.02532
-0.01685 0.00015 -0.01703 -0.01662
-0.00041 0.00034 -0.00102 -0.00008
-0.02971 0.00044 -0.03023 -0.02905
