# avg	std	min	max
0.00000 0.00000 0.00000 0.00000
0.00000 0.00000 0.00000 0.00000
0.00000 0.00001 0.00000 0.00002
0.00000 0.00000 0.00000 0.00000
0.00100 0.00202 -0.00005 0.00504
0.00001 0.00001 0.00000 0.00003
0.00000 0.00000 0.00000 0.00000
-0.00038 0.00077 -0.00193 0.00002
0.00105 0.00207 -0.00023 0.00517
0.00000 0.00000 0.00000 0.00000
-0.00103 0.00207 -0.00517 0.00000
0.00000 0.00000 0.00000 0.00000
-0.00024 0.00435 -0.00745 0.00626
0.00103 0.00207 0.00000 0.00517
0.00444 0.00654 0.00000 0.01688
0.00000 0.00000 0.00000 0.00000
0.00629 0.00523 0.00000 0.01595
-0.00012 0.00025 -0.00061 0.00001
-0.00003 0.00007 -0.00017 0.00000
0.00000 0.00000 0.00000 0.00000
