# avg	std	min	max
-0.01776 0.00000 -0.01776 -0.01776
0.01575 0.00000 0.01575 0.01575
0.03421 0.00000 0.03421 0.03421
0.05072 0.02075 0.03419 0.08274
0.03421 0.00000 0.03421 0.03421
-0.05239 0.07333 -0.14855 0.03421
-0.16471 0.15198 -0.36498 0.01589
-0.18141 0.26191 -0.54368 0.11462
0.02498 0.00069 0.02458 0.02636
0.00000 0.00000 0.00000 0.00000
0.03421 0.00000 0.03421 0.03421
0.03421 0.00000 0.03421 0.03421
0.06715 0.08180 0.02471 0.23074
0.00000 0.00000 0.00000 0.00000
0.02603 0.02797 0.00000 0.08049
-0.01104 0.00011 -0.01125 -0.01097
0.03538 0.06630 -0.01109 0.16725
0.34778 0.12991 0.09386 0.46216
0.21420 0.08380 0.08460 0.31465
0.03808 0.09371 -0.14180 0.13397
