# avg	std	min	max
0.00346 0.00647 -0.00275 0.01413
-0.00208 0.00755 -0.00823 0.01243
-0.19259 0.00404 -0.19560 -0.18514
-0.08099 0.10062 -0.20867 0.00646
-0.20339 0.00775 -0.20976 -0.19022
-0.20979 0.00520 -0.21513 -0.20003
-0.20231 0.00542 -0.20801 -0.19325
-0.21173 0.00607 -0.21630 -0.20075
-0.19133 0.00006 -0.19144 -0.19127
-0.00075 0.00234 -0.00362 0.00133
0.00000 0.00000 0.00000 0.00000
-0.00410 0.00000 -0.00410 -0.00410
-0.20345 0.00355 -0.20797 -0.20042
-0.19565 0.00439 -0.20025 -0.18843
-0.08502 0.10437 -0.21939 0.00919
-0.17892 0.08389 -0.22386 -0.01120
-0.29488 0.03547 -0.33813 -0.26001
-0.19828 0.00258 -0.20024 -0.19327
-0.19003 0.00423 -0.19557 -0.18643
-0.19721 0.00768 -0.20862 -0.18857
