# avg	std	min	max
-0.07371 0.01567 -0.08197 -0.04239
-0.05924 0.00000 -0.05924 -0.05924
0.00813 0.00450 -0.00081 0.01138
-0.05152 0.00435 -0.06018 -0.04866
0.01251 0.00057 0.01148 0.01322
-0.05128 0.02961 -0.08425 -0.00453
-0.03432 0.03556 -0.06038 0.03627
-0.06257 0.01104 -0.07140 -0.04139
-0.02139 0.00644 -0.03278 -0.01274
-0.04890 0.01332 -0.05602 -0.02227
0.00011 0.00013 0.00000 0.00034
-0.02238 0.03627 -0.05010 0.04021
-0.05183 0.00419 -0.06020 -0.04952
0.00297 0.02029 -0.02129 0.03259
0.02266 0.04836 -0.01838 0.11735
-0.08266 0.01116 -0.10498 -0.07702
0.04796 0.01836 0.03664 0.08451
-0.08353 0.00462 -0.09277 -0.08090
-0.16137 0.18309 -0.52468 -0.02695
-1.20106 0.02425 -1.23013 -1.17612
