# avg	std	min	max
0.00005 0.00000 0.00005 0.00005
0.00000 0.00000 0.00000 0.00000
-0.00017 0.00022 -0.00044 0.00001
-0.00047 0.00002 -0.00050 -0.00045
-0.00069 0.00001 -0.00070 -0.00068
-0.00074 0.00017 -0.00102 -0.00054
-0.00072 0.00007 -0.00077 -0.00058
-0.00128 0.00044 -0.00176 -0.00059
0.00002 0.00002 -0.00002 0.00003
-0.00004 0.00000 -0.00004 -0.00004
-0.00014 0.00014 -0.00027 0.00003
-0.00033 0.00001 -0.00034 -0.00032
-0.00064 0.00003 -0.00066 -0.00058
-0.00033 0.00000 -0.00033 -0.00033
-0.00045 0.00018 -0.00068 -0.00020
0.00047 0.00267 -0.00361 0.00464
-0.01426 0.00271 -0.01829 -0.01126
-0.00126 0.00648 -0.00694 0.00729
0.00267 0.01894 -0.01547 0.03658
-0.00089 0.00033 -0.00118 -0.00045
