# avg	std	min	max
-0.00004 0.00000 -0.00004 -0.00004
0.00000 0.00000 0.00000 0.00000
0.00000 0.00000 0.00000 0.00000
-0.00010 0.00012 -0.00026 0.00000
0.00004 0.00009 0.00000 0.00022
-0.00005 0.00010 -0.00025 0.00000
0.00355 0.00735 -0.00028 0.01824
-0.00085 0.00151 -0.00386 0.00000
0.00000 0.00000 0.00000 0.00000
0.00000 0.00000 0.00000 0.00000
0.00000 0.00000 0.00000 0.00000
0.00000 0.00000 0.00000 0.00000
-0.00015 0.00019 -0.00048 0.00000
-0.00009 0.00011 -0.00023 0.00000
-0.00014 0.00028 -0.00070 0.00000
-0.00005 0.00011 -0.00027 0.00000
0.00030 0.00081 -0.00072 0.00137
-0.00039 0.00051 -0.00138 0.00000
-0.00061 0.00058 -0.00132 0.00000
0.00000 0.00000 0.00000 0.00000
