# avg	std	min	max
-0.00001 0.00003 -0.00006 0.00002
-0.00002 0.00002 -0.00005 0.00000
0.00000 0.00000 0.00000 0.00000
-0.00000 0.00000 -0.00001 0.00000
0.00000 0.00000 0.00000 0.00000
-0.00001 0.00001 -0.00003 0.00000
0.00000 0.00000 0.00000 0.00000
-0.00005 0.00007 -0.00016 0.00000
0.00000 0.00000 0.00000 0.00000
-0.00001 0.00002 -0.00005 0.00000
0.00000 0.00000 0.00000 0.00000
0.00000 0.00000 0.00000 0.00000
-0.00003 0.00003 -0.00008 0.00000
0.00000 0.00000 0.00000 0.00000
0.00001 0.00001 0.00000 0.00003
-0.00060 0.00073 -0.00157 0.00000
-0.00151 0.00008 -0.00164 -0.00140
-0.00227 0.00101 -0.00360 -0.00143
-0.00406 0.00236 -0.00642 -0.00013
0.00000 0.00000 0.00000 0.00000
