# avg	std	min	max
0.00426 0.00238 0.00000 0.00613
0.00183 0.00238 0.00000 0.00585
0.00311 0.00275 0.00000 0.00626
0.00310 0.00273 0.00000 0.00621
0.00631 0.00067 0.00554 0.00755
0.00125 0.00251 0.00000 0.00627
0.00249 0.00305 0.00000 0.00624
0.00188 0.00248 0.00000 0.00614
0.00231 0.00283 0.00000 0.00586
0.00246 0.00302 0.00000 0.00616
0.00376 0.00227 0.00000 0.00613
0.00431 0.00241 0.00000 0.00614
0.00191 0.00252 0.00000 0.00626
0.00425 0.00238 0.00000 0.00627
0.00245 0.00300 0.00000 0.00618
-0.00123 0.00249 -0.00621 0.00004
0.00122 0.00243 0.00000 0.00608
0.00366 0.00218 0.00000 0.00621
0.00215 0.00295 0.00000 0.00748
0.00189 0.00249 0.00000 0.00618
