# avg	std	min	max
-0.19697 0.01426 -0.21319 -0.17824
-0.21394 0.01339 -0.22563 -0.19405
-0.23177 0.01148 -0.24240 -0.21774
-0.21738 0.01626 -0.24228 -0.19234
-0.22283 0.01202 -0.24117 -0.21071
-0.21940 0.01479 -0.22874 -0.18997
-0.26160 0.09944 -0.45676 -0.18428
-0.24877 0.07850 -0.40193 -0.18114
-0.07448 0.04504 -0.15780 -0.03222
-0.21216 0.01319 -0.23262 -0.19423
-0.21589 0.01425 -0.23158 -0.19644
-0.24024 0.04384 -0.28514 -0.18307
-0.22275 0.01258 -0.23411 -0.20343
-0.20813 0.01231 -0.22394 -0.19225
-0.22564 0.00993 -0.23245 -0.20613
0.00077 0.01449 -0.01417 0.02855
0.00740 0.02430 -0.03045 0.03663
-0.53915 0.03666 -0.59449 -0.49419
-0.72622 0.08039 -0.80355 -0.57961
-0.20807 0.01721 -0.23006 -0.19244
