# avg	std	min	max
0.28294 0.01773 0.25291 0.30751
0.14232 0.01684 0.12160 0.17139
-0.12463 0.00077 -0.12578 -0.12339
-0.28435 0.00978 -0.29728 -0.27084
-0.31994 0.01440 -0.33357 -0.30234
-0.63761 0.00505 -0.64618 -0.63072
-0.41084 0.01026 -0.42471 -0.39919
-0.73003 0.00811 -0.73814 -0.71653
-0.14881 0.00124 -0.15040 -0.14706
0.24950 0.02395 0.20230 0.26902
-0.05692 0.03685 -0.09973 -0.00254
-0.00477 0.01839 -0.04056 0.01041
-0.26360 0.02769 -0.29209 -0.21349
0.19583 0.04951 0.10927 0.25398
-0.45657 0.17515 -0.63496 -0.24334
-0.63871 0.01708 -0.66905 -0.62083
0.00000 0.00000 0.00000 0.00000
0.09903 0.12948 -0.00590 0.34400
0.16237 0.07088 0.10865 0.30049
0.25234 0.03304 0.21427 0.30948
