# avg	std	min	max
0.00000 0.00000 0.00000 0.00000
0.00000 0.00000 0.00000 0.00000
0.00000 0.00000 0.00000 0.00000
0.00000 0.00000 0.00000 0.00000
0.00000 0.00000 0.00000 0.00000
0.00000 0.00000 0.00000 0.00000
0.00000 0.00000 0.00000 0.00000
-0.00320 0.00318 -0.00701 -0.00004
0.00000 0.00000 0.00000 0.00000
0.00010 0.00020 0.00000 0.00051
0.00000 0.00000 0.00000 0.00000
0.00000 0.00000 0.00000 0.00000
0.00000 0.00000 0.00000 0.00000
0.00000 0.00000 0.00000 0.00000
-0.00000 0.00000 -0.00001 0.00000
0.00000 0.00000 0.00000 0.00000
0.00000 0.00000 0.00000 0.00000
0.00046 0.00092 0.00000 0.00230
0.00065 0.00130 0.00000 0.00324
-0.00001 0.00000 -0.00001 0.00000
