# avg	std	min	max
2.16484 0.26124 1.92040 2.66034
2.16747 0.30403 1.96296 2.77269
2.06179 0.06415 2.00839 2.18175
1.03448 0.03175 0.98519 1.08473
1.79140 0.09347 1.61491 1.86064
0.82355 0.17205 0.65730 1.15146
1.65466 0.09774 1.47069 1.75866
1.62517 0.38935 1.25839 2.28982
2.18634 0.26863 1.88541 2.57806
2.02862 0.01242 2.00779 2.04148
2.65977 0.36980 2.03606 3.16383
1.97980 0.06155 1.90062 2.06031
1.69703 0.02344 1.67307 1.73793
1.87487 0.46437 1.34261 2.63200
1.47021 0.03553 1.40350 1.50964
0.50121 0.03249 0.44552 0.53550
-0.02269 0.02472 -0.07063 -0.00455
2.32686 0.19929 2.07461 2.61379
2.49508 0.23950 2.25149 2.91344
2.13921 0.14128 1.97706 2.40038
