# avg	std	min	max
-0.02274 0.00094 -0.02374 -0.02147
-0.01948 0.00301 -0.02221 -0.01473
-0.01350 0.00395 -0.01959 -0.00917
-0.01303 0.00353 -0.01986 -0.01005
-0.01835 0.00373 -0.02208 -0.01188
-0.01923 0.00173 -0.02183 -0.01643
-0.00921 0.00319 -0.01480 -0.00624
-0.02328 0.01052 -0.04014 -0.00985
-0.01549 0.00503 -0.02160 -0.00919
-0.02120 0.00086 -0.02206 -0.01975
-0.00762 0.00063 -0.00845 -0.00673
-0.02048 0.00102 -0.02209 -0.01953
-0.00986 0.00677 -0.02303 -0.00384
-0.01691 0.00297 -0.02236 -0.01370
-0.00772 0.00568 -0.01856 -0.00282
-0.00044 0.01071 -0.00917 0.01349
0.00000 0.00001 -0.00001 0.00001
-0.03033 0.00997 -0.04699 -0.01952
-0.06211 0.00955 -0.07500 -0.05115
-0.01256 0.00397 -0.02032 -0.00915
