# avg	std	min	max
0.00000 0.00000 0.00000 0.00000
-0.00349 0.00018 -0.00368 -0.00315
-0.00994 0.00232 -0.01248 -0.00664
-0.01101 0.00181 -0.01436 -0.00926
-0.00752 0.00442 -0.01259 -0.00159
-0.01084 0.00553 -0.01438 0.00000
0.06842 0.15293 -0.01023 0.37426
0.09823 0.21257 -0.00982 0.52337
-0.00792 0.00300 -0.01266 -0.00327
-0.00340 0.00012 -0.00360 -0.00327
-0.01038 0.00317 -0.01436 -0.00502
-0.00321 0.00017 -0.00347 -0.00302
0.09845 0.21648 -0.01416 0.53136
-0.01020 0.00244 -0.01271 -0.00571
0.25263 0.34254 -0.01434 0.82947
-0.01015 0.00324 -0.01268 -0.00374
-0.01068 0.00288 -0.01556 -0.00650
-0.01166 0.00093 -0.01267 -0.01022
-0.02383 0.02645 -0.07653 -0.00780
0.00000 0.00000 0.00000 0.00000
