# avg	std	min	max
0.00000 0.00000 0.00000 0.00000
0.00324 0.00000 0.00324 0.00324
0.00259 0.00130 0.00000 0.00324
0.00250 0.00126 0.00000 0.00324
0.00130 0.00159 0.00000 0.00324
0.00324 0.00000 0.00324 0.00324
0.00259 0.00130 0.00000 0.00324
0.00324 0.00000 0.00324 0.00324
0.00194 0.00159 0.00000 0.00324
0.00324 0.00000 0.00324 0.00324
0.00324 0.00000 0.00324 0.00324
0.00259 0.00130 0.00000 0.00324
0.00194 0.00159 0.00000 0.00324
0.00194 0.00159 0.00000 0.00324
0.00194 0.00159 0.00000 0.00324
0.00493 0.00352 -0.00122 0.00840
0.00153 0.00002 0.00152 0.00156
0.00194 0.00159 0.00000 0.00324
0.00175 0.00252 -0.00324 0.00324
0.00000 0.00000 0.00000 0.00000
