# avg	std	min	max
0.00000 0.00000 0.00000 0.00000
0.00005 0.00010 0.00000 0.00024
0.00000 0.00000 0.00000 0.00000
0.00000 0.00000 0.00000 0.00000
0.00030 0.00049 0.00000 0.00127
0.00006 0.00012 0.00000 0.00031
0.00000 0.00000 0.00000 0.00000
-0.00005 0.00004 -0.00008 0.00000
0.00000 0.00000 0.00000 0.00000
-0.00003 0.00003 -0.00008 0.00000
-0.00001 0.00002 -0.00006 0.00000
0.00014 0.00023 -0.00008 0.00054
0.00000 0.00000 0.00000 0.00000
0.00000 0.00000 0.00000 0.00000
0.00000 0.00000 0.00000 0.00000
0.03712 0.00007 0.03702 0.03721
0.01820 0.00212 0.01643 0.02171
-0.01091 0.00083 -0.01192 -0.00973
-0.10695 0.00639 -0.11731 -0.09870
0.00000 0.00000 0.00000 0.00000
