# avg	std	min	max
-0.22663 0.08839 -0.40339 -0.18071
-0.15504 0.02591 -0.20161 -0.12437
-0.21516 0.08476 -0.33581 -0.11989
-0.09245 0.03890 -0.11422 -0.01488
-0.10224 0.02303 -0.12413 -0.05843
-0.07733 0.04594 -0.14638 -0.02236
-0.15342 0.00180 -0.15491 -0.14992
0.03686 0.06488 -0.08551 0.10695
0.60205 0.00143 0.60046 0.60468
-0.06586 0.16672 -0.15554 0.26736
-0.12869 0.01756 -0.15931 -0.11540
-0.10648 0.00035 -0.10690 -0.10606
-0.11276 0.01353 -0.12954 -0.10138
-0.09646 0.00008 -0.09661 -0.09639
0.11928 0.01407 0.10023 0.13733
0.44708 0.05148 0.37003 0.50474
0.57823 0.13951 0.43494 0.82433
-0.52715 0.17390 -0.78820 -0.23967
-0.45401 0.02825 -0.50059 -0.42944
0.01244 0.00035 0.01204 0.01310
