# avg	std	min	max
0.96563 0.03197 0.92597 1.02172
0.71995 0.04772 0.65964 0.77871
0.04791 0.09612 -0.05011 0.22652
-0.05698 0.02155 -0.08219 -0.01851
0.21991 0.03965 0.17812 0.28626
-0.14152 0.03281 -0.17116 -0.09088
0.08510 0.21535 -0.19446 0.31655
0.40072 0.58279 -0.17986 1.23790
0.46866 0.03458 0.40419 0.50423
1.26299 0.02279 1.22154 1.29004
0.55719 0.09880 0.43822 0.69349
0.54675 0.01097 0.53223 0.56261
2.10874 1.90156 -1.60919 3.42657
0.53230 0.17938 0.40152 0.88571
0.73411 0.16312 0.43523 0.93053
1.81426 0.02252 1.77943 1.85017
-0.27124 0.04169 -0.31691 -0.20622
0.03900 0.44224 -0.45364 0.79107
1.24367 0.33788 0.71858 1.60025
0.09142 0.02832 0.04293 0.12921
