# avg	std	min	max
0.02582 0.00348 0.01886 0.02759
0.01270 0.00003 0.01266 0.01274
-0.00804 0.00008 -0.00809 -0.00789
0.00405 0.00092 0.00328 0.00524
0.00004 0.00005 -0.00005 0.00008
0.01866 0.00640 0.00585 0.02188
0.07207 0.07134 0.02332 0.21089
-0.06768 0.09636 -0.18883 0.06965
0.01236 0.00644 -0.00052 0.01567
0.01231 0.00510 0.00459 0.02068
0.00840 0.00644 -0.00449 0.01168
-0.00088 0.00045 -0.00140 -0.00038
0.12538 0.16849 -0.11939 0.34040
0.01548 0.00514 0.00753 0.02372
0.01078 0.00645 0.00746 0.02367
0.26764 0.03470 0.19843 0.28981
0.15750 0.04156 0.11894 0.23555
-0.26389 0.04254 -0.30656 -0.20947
-0.48209 0.15733 -0.73332 -0.31429
0.01322 0.00306 0.00710 0.01506
