# avg	std	min	max
0.00000 0.00000 0.00000 0.00000
0.00358 0.00716 0.00000 0.01789
0.00359 0.00717 0.00000 0.01793
0.00000 0.00000 0.00000 0.00000
0.00000 0.00000 0.00000 0.00000
0.00359 0.00718 0.00000 0.01795
-0.00362 0.00724 -0.01809 0.00000
0.00357 0.00714 0.00000 0.01786
0.00000 0.00000 0.00000 0.00000
0.00361 0.00721 0.00000 0.01803
0.00000 0.00000 0.00000 0.00000
0.00000 0.00000 0.00000 0.00000
0.01526 0.00763 0.00000 0.01948
0.00000 0.00000 0.00000 0.00000
0.00359 0.00706 0.00000 0.01771
-0.00138 0.00680 -0.01493 0.00310
0.00631 0.00098 0.00543 0.00754
-0.00360 0.00947 -0.02240 0.00192
-0.00193 0.00839 -0.01017 0.00973
0.00000 0.00000 0.00000 0.00000
