# avg	std	min	max
0.86990 0.69297 0.26851 2.03023
0.30485 0.09949 0.17773 0.48465
0.82619 0.46110 0.31267 1.45334
-0.24982 0.23247 -0.62744 0.09727
1.28775 0.32740 1.04182 1.91430
-0.17354 0.04872 -0.22634 -0.08119
-0.22170 0.09807 -0.35055 -0.11924
-0.08675 0.12356 -0.19905 0.13756
1.49022 0.11664 1.39707 1.69429
0.33701 0.04432 0.25029 0.37412
0.54363 0.55645 -0.08533 1.39460
0.09897 0.06742 0.06220 0.23356
-0.27485 0.05012 -0.33925 -0.18443
0.23999 0.32447 -0.12929 0.74743
0.26328 0.31237 -0.20420 0.61200
2.65774 1.14962 0.36140 3.29388
0.39552 0.12856 0.24344 0.55489
0.05890 0.08553 0.00000 0.21991
0.18034 0.09121 0.05251 0.33020
0.25615 0.12678 0.13004 0.48638
