# avg	std	min	max
-0.00101 0.00124 -0.00263 0.00000
-0.00105 0.00129 -0.00275 0.00000
-0.00054 0.00108 -0.00269 0.00000
-0.00053 0.00106 -0.00265 0.00000
-0.00104 0.00127 -0.00265 0.00000
-0.00104 0.00127 -0.00261 0.00000
-0.00053 0.00106 -0.00265 0.00000
-0.00050 0.00100 -0.00251 0.00000
0.00000 0.00000 0.00000 0.00000
-0.00052 0.00103 -0.00258 0.00000
0.00000 0.00000 0.00000 0.00000
0.00000 0.00000 0.00000 0.00000
-0.00155 0.00126 -0.00268 0.00000
-0.00055 0.00110 -0.00276 0.00000
-0.00051 0.00101 -0.00253 0.00000
-0.00622 0.00124 -0.00731 -0.00469
-0.00373 0.00124 -0.00492 -0.00221
0.00055 0.00109 -0.00001 0.00273
-0.00060 0.00097 -0.00250 0.00000
-0.00049 0.00098 -0.00246 0.00000
