# avg	std	min	max
-0.00011 0.00001 -0.00012 -0.00009
-0.00008 0.00005 -0.00017 -0.00003
-0.01770 0.00690 -0.02189 -0.00392
0.00002 0.00002 -0.00001 0.00005
-0.02075 0.00075 -0.02202 -0.01984
0.00006 0.00003 0.00001 0.00009
-0.03150 0.00865 -0.04441 -0.02334
0.00012 0.00005 0.00004 0.00018
-0.00006 0.00004 -0.00011 0.00000
-0.00008 0.00004 -0.00015 -0.00003
-0.02118 0.00028 -0.02158 -0.02078
-0.00010 0.00002 -0.00012 -0.00007
-0.02686 0.02061 -0.05622 -0.00282
0.00000 0.00002 -0.00002 0.00003
0.00006 0.00003 0.00000 0.00009
0.00005 0.00003 0.00001 0.00008
0.00007 0.00004 0.00002 0.00011
0.00000 0.00000 0.00000 0.00000
-0.00014 0.00053 -0.00119 0.00015
0.00003 0.00004 -0.00004 0.00007
