# avg	std	min	max
0.02740 0.00043 0.02675 0.02808
0.02754 0.00068 0.02662 0.02864
0.02654 0.00082 0.02557 0.02799
-0.02499 0.07651 -0.17800 0.01369
0.01844 0.00529 0.01299 0.02488
0.01312 0.00001 0.01310 0.01312
0.01148 0.00331 0.00485 0.01316
0.05480 0.08321 0.01311 0.22121
0.02534 0.00707 0.01218 0.03048
0.02611 0.00043 0.02554 0.02660
0.04232 0.01234 0.02569 0.05668
0.02825 0.00463 0.02522 0.03744
0.01146 0.00331 0.00483 0.01312
0.02291 0.00490 0.01312 0.02562
0.01312 0.00000 0.01312 0.01312
0.12176 0.00067 0.12082 0.12248
0.14047 0.00201 0.13661 0.14206
0.00000 0.00000 0.00000 0.00000
-0.02117 0.00550 -0.03029 -0.01431
0.01481 0.00338 0.01310 0.02157
