# avg	std	min	max
0.00040 0.00080 0.00000 0.00199
0.00010 0.00013 0.00000 0.00027
-0.00006 0.00010 -0.00025 0.00000
0.00000 0.00000 0.00000 0.00000
-0.00020 0.00041 -0.00102 0.00003
0.00000 0.00000 0.00000 0.00000
0.00017 0.00029 0.00000 0.00074
-0.00168 0.00333 -0.00833 0.00000
0.00000 0.00000 0.00000 0.00000
0.00020 0.00010 0.00000 0.00027
0.00009 0.00011 0.00000 0.00023
-0.00000 0.00001 -0.00003 0.00001
0.00034 0.00106 -0.00084 0.00233
0.00004 0.00008 0.00000 0.00020
0.00000 0.00000 0.00000 0.00000
-0.01493 0.00057 -0.01605 -0.01451
-0.01654 0.00068 -0.01706 -0.01528
0.01038 0.00784 0.00160 0.01951
0.00959 0.00380 0.00704 0.01710
0.00033 0.00052 0.00000 0.00134
