# avg	std	min	max
0.00000 0.00000 0.00000 0.00000
0.00000 0.00000 0.00000 0.00000
0.00000 0.00000 0.00000 0.00000
0.00000 0.00000 0.00000 0.00000
-0.00000 0.00000 -0.00001 0.00000
0.00000 0.00001 0.00000 0.00002
-0.00015 0.00190 -0.00334 0.00266
-0.00381 0.00248 -0.00637 0.00034
-0.00072 0.00146 -0.00363 0.00003
0.00000 0.00000 0.00000 0.00000
0.00066 0.00132 0.00000 0.00329
0.00000 0.00000 0.00000 0.00000
0.00132 0.00161 0.00000 0.00329
0.00000 0.00000 0.00000 0.00000
0.00000 0.00000 0.00000 0.00000
0.00018 0.00305 -0.00269 0.00566
0.00000 0.00000 0.00000 0.00000
-0.00066 0.00133 -0.00332 0.00000
0.00066 0.00132 0.00000 0.00330
-0.00036 0.00127 -0.00284 0.00064
