# avg	std	min	max
1.42245 0.12484 1.27011 1.63931
1.12749 0.02591 1.09308 1.15603
0.46164 0.01615 0.44491 0.49148
0.00097 0.03774 -0.04454 0.05081
0.42902 0.05394 0.34809 0.48932
-0.39857 0.01098 -0.41471 -0.38623
0.47290 0.14594 0.37868 0.76249
0.85426 0.03243 0.82362 0.90178
1.41153 0.17048 1.07528 1.55027
1.52986 0.12479 1.28409 1.62108
0.95823 0.02730 0.92868 1.00840
1.07558 0.10094 0.87743 1.14572
0.64115 0.01292 0.61867 0.65576
1.15165 0.01329 1.13612 1.17569
0.80411 0.04003 0.76127 0.87078
1.65326 0.01583 1.62963 1.67114
1.25562 0.25069 0.97525 1.63936
0.42264 0.06176 0.32196 0.49044
0.33076 0.06782 0.26931 0.44893
0.78094 0.04227 0.72321 0.82362
