# avg	std	min	max
0.00126 0.00172 -0.00210 0.00267
0.00166 0.00962 -0.01495 0.01521
0.00129 0.00034 0.00098 0.00194
0.00027 0.00002 0.00024 0.00030
0.00045 0.00015 0.00036 0.00074
0.00000 0.00001 -0.00001 0.00002
0.00466 0.01862 -0.02777 0.02796
0.07138 0.15194 -0.01994 0.37479
-0.00609 0.00989 -0.01896 0.00225
0.01457 0.01555 -0.00927 0.02928
-0.00262 0.00767 -0.01288 0.00834
-0.00633 0.00651 -0.01482 0.00123
0.02091 0.01519 -0.00172 0.04608
0.00077 0.00001 0.00075 0.00079
-0.00076 0.00208 -0.00493 0.00031
-0.00401 0.00661 -0.01577 0.00262
0.02208 0.00828 0.01360 0.03322
-0.01364 0.00584 -0.02077 -0.00817
-0.04231 0.00804 -0.05049 -0.02915
0.07458 0.14572 -0.00100 0.36591
