# avg	std	min	max
0.00086 0.00043 0.00051 0.00139
-0.00061 0.00043 -0.00096 -0.00008
-0.00023 0.00089 -0.00151 0.00113
0.00045 0.00076 -0.00064 0.00172
-0.00131 0.00079 -0.00211 0.00006
0.00000 0.00056 -0.00088 0.00088
-0.00158 0.00141 -0.00349 -0.00004
0.00187 0.00198 -0.00119 0.00402
0.00044 0.00066 -0.00006 0.00157
-0.00113 0.00040 -0.00155 -0.00036
-0.00010 0.00042 -0.00044 0.00042
-0.00017 0.00070 -0.00129 0.00086
-0.00163 0.00139 -0.00412 -0.00006
-0.00059 0.00066 -0.00094 0.00072
-0.00157 0.00032 -0.00175 -0.00094
0.01500 0.00015 0.01485 0.01522
-0.00020 0.00130 -0.00085 0.00241
-0.00152 0.00063 -0.00226 -0.00086
-0.00067 0.00062 -0.00161 0.00003
0.00005 0.00010 0.00000 0.00024
