# avg	std	min	max
-0.15743 0.00207 -0.16103 -0.15521
0.13077 0.00275 0.12740 0.13418
-0.02045 0.00428 -0.02721 -0.01643
0.01566 0.04241 -0.06913 0.03895
0.02324 0.00328 0.01951 0.02822
0.01995 0.00745 0.01057 0.03227
-0.01590 0.04571 -0.08339 0.03923
0.11223 0.03880 0.06609 0.16638
-0.23777 0.03593 -0.28239 -0.20211
-0.51531 0.00971 -0.52292 -0.49615
-0.46286 0.00218 -0.46671 -0.46031
0.07718 0.00084 0.07614 0.07858
-0.26326 0.03007 -0.30722 -0.21447
0.00087 0.00129 -0.00054 0.00299
-0.27038 0.35723 -0.58390 0.17989
-0.14308 0.00198 -0.14697 -0.14159
0.01973 0.06377 -0.03355 0.10231
0.08336 0.01815 0.04714 0.09387
-0.06420 0.08339 -0.11173 0.10230
0.05319 0.04299 0.02165 0.13600
