# avg	std	min	max
0.00035 0.00000 0.00035 0.00035
0.00049 0.00000 0.00049 0.00049
-0.00928 0.00016 -0.00948 -0.00910
0.00048 0.00006 0.00043 0.00055
0.00158 0.00354 -0.00493 0.00436
0.00031 0.00025 -0.00019 0.00044
0.00605 0.00001 0.00604 0.00606
-0.00074 0.00162 -0.00325 0.00071
0.00000 0.00000 0.00000 0.00000
0.00037 0.00000 0.00037 0.00037
-0.05487 0.00070 -0.05541 -0.05354
0.00038 0.00000 0.00038 0.00038
0.00576 0.00039 0.00506 0.00605
-0.05538 0.00001 -0.05539 -0.05537
-0.03309 0.02735 -0.05543 0.00041
-0.11563 0.02048 -0.12693 -0.07470
-0.10788 0.00309 -0.11206 -0.10478
0.04281 0.00649 0.03574 0.05383
0.04703 0.00181 0.04519 0.05049
-0.02190 0.02735 -0.05540 0.00045
