# avg	std	min	max
0.04882 0.01928 0.01382 0.07288
0.03816 0.02616 0.00220 0.07002
0.03383 0.02043 0.00302 0.05205
-0.01342 0.00074 -0.01427 -0.01242
0.00310 0.00000 0.00309 0.00310
-0.00910 0.00617 -0.01241 0.00324
-0.03622 0.02182 -0.07946 -0.02122
-0.02064 0.03614 -0.06935 0.02974
0.00058 0.00048 0.00019 0.00130
-0.03998 0.02197 -0.05404 0.00272
-0.00571 0.01507 -0.03332 0.01177
-0.05235 0.00000 -0.05236 -0.05235
-0.02780 0.01188 -0.05061 -0.01701
-0.05207 0.02379 -0.06691 -0.00477
-0.05337 0.01888 -0.06300 -0.01562
-0.08580 0.03423 -0.12277 -0.02077
-0.06071 0.01177 -0.08222 -0.05068
0.04606 0.00432 0.03776 0.05017
0.17033 0.00315 0.16459 0.17412
0.07814 0.03186 0.05159 0.14073
