# avg	std	min	max
0.02911 0.01130 0.00856 0.04324
0.02401 0.01003 0.00410 0.03129
0.03013 0.00360 0.02585 0.03580
0.02219 0.01182 -0.00134 0.02946
0.03355 0.00566 0.02656 0.04164
0.03294 0.00540 0.02828 0.04331
0.03454 0.00796 0.02609 0.04971
0.03155 0.00635 0.02732 0.04403
0.02944 0.00394 0.02630 0.03705
0.01982 0.01312 0.00411 0.03531
0.03146 0.00630 0.02651 0.04342
0.00410 0.00000 0.00410 0.00411
0.02749 0.00131 0.02571 0.02973
-0.00293 0.00817 -0.01897 0.00409
0.00000 0.00001 -0.00001 0.00001
0.00104 0.02898 -0.02429 0.03769
0.00617 0.01035 -0.01448 0.01187
0.02771 0.00251 0.02452 0.03154
0.03566 0.01084 0.02712 0.05672
0.03051 0.00337 0.02591 0.03587
