# avg	std	min	max
-0.01274 0.00002 -0.01277 -0.01273
-0.01075 0.00055 -0.01186 -0.01047
-0.01712 0.00019 -0.01735 -0.01685
0.00168 0.00024 0.00138 0.00191
-0.01136 0.00088 -0.01229 -0.01008
-0.00060 0.00009 -0.00071 -0.00044
-0.00125 0.00000 -0.00125 -0.00124
-0.00138 0.00000 -0.00138 -0.00137
0.00012 0.00030 -0.00028 0.00064
-0.01200 0.00019 -0.01224 -0.01184
0.01098 0.01297 -0.00432 0.02870
-0.00836 0.00003 -0.00839 -0.00832
-0.00128 0.00000 -0.00129 -0.00128
-0.00280 0.00075 -0.00318 -0.00129
-0.00012 0.00000 -0.00012 -0.00012
0.11923 0.00230 0.11465 0.12081
0.10246 0.00867 0.09300 0.11772
-0.05324 0.00264 -0.05768 -0.05053
-0.09277 0.00606 -0.10070 -0.08523
-0.00127 0.00003 -0.00132 -0.00124
