# avg	std	min	max
0.01873 0.00013 0.01847 0.01880
0.02180 0.00542 0.01880 0.03264
0.02157 0.00617 0.01633 0.03370
0.01917 0.00020 0.01878 0.01930
0.01847 0.00109 0.01634 0.01941
0.01973 0.00009 0.01968 0.01991
0.02120 0.00048 0.02048 0.02188
0.01921 0.00036 0.01879 0.01964
0.02675 0.00686 0.01978 0.03513
0.02179 0.00595 0.01861 0.03369
0.02173 0.00587 0.01880 0.03347
0.02329 0.01054 0.01641 0.04430
0.02347 0.00615 0.01988 0.03576
0.02467 0.00730 0.01814 0.03381
0.02591 0.01257 0.01923 0.05103
0.03002 0.00999 0.01880 0.04497
0.01834 0.01031 0.00688 0.03390
0.01826 0.00096 0.01682 0.01928
0.00001 0.00000 0.00000 0.00001
0.02143 0.00040 0.02063 0.02166
