# avg	std	min	max
-0.00585 0.00007 -0.00594 -0.00572
-0.00588 0.00001 -0.00590 -0.00586
-0.00788 0.00177 -0.01065 -0.00589
-0.00591 0.00006 -0.00602 -0.00587
-0.00756 0.00247 -0.01207 -0.00561
-0.00587 0.00001 -0.00589 -0.00587
-0.00585 0.00005 -0.00588 -0.00576
-0.00593 0.00004 -0.00599 -0.00588
-0.00736 0.00095 -0.00847 -0.00579
-0.00586 0.00002 -0.00587 -0.00582
-0.00559 0.00053 -0.00602 -0.00455
-0.00587 0.00000 -0.00587 -0.00587
-0.00589 0.00000 -0.00589 -0.00589
-0.00584 0.00008 -0.00589 -0.00568
-0.00596 0.00008 -0.00605 -0.00586
-0.01031 0.00113 -0.01172 -0.00934
-0.00940 0.00011 -0.00948 -0.00919
-0.00140 0.00000 -0.00141 -0.00140
0.00000 0.00000 0.00000 0.00000
-0.00587 0.00001 -0.00589 -0.00587
