# avg	std	min	max
0.00000 0.00000 0.00000 0.00000
0.00000 0.00000 0.00000 0.00000
0.00000 0.00000 0.00000 0.00000
0.00000 0.00000 0.00000 0.00000
0.00000 0.00000 0.00000 0.00000
0.00000 0.00000 0.00000 0.00000
0.00070 0.00140 0.00000 0.00349
0.00034 0.00043 0.00000 0.00100
0.00137 0.00062 0.00052 0.00217
0.00000 0.00000 0.00000 0.00000
0.00000 0.00000 0.00000 0.00000
0.00000 0.00000 0.00000 0.00000
0.00000 0.00000 0.00000 0.00000
0.00000 0.00000 0.00000 0.00000
0.00000 0.00000 0.00000 0.00000
-0.00577 0.00002 -0.00579 -0.00573
0.00000 0.00000 0.00000 0.00000
0.00107 0.00009 0.00098 0.00124
0.00187 0.00182 0.00094 0.00551
0.00000 0.00000 0.00000 0.00000
