# avg	std	min	max
0.36648 0.03755 0.30128 0.40558
0.07049 0.01876 0.04885 0.09630
0.72378 0.01911 0.69102 0.74609
-0.37194 0.01649 -0.39217 -0.35200
-0.18397 0.14679 -0.28573 0.10495
-0.35922 0.21516 -0.55474 -0.04902
0.15710 0.04128 0.11442 0.22913
0.33768 0.02132 0.31510 0.37833
-0.23667 0.04152 -0.27460 -0.18311
-0.00057 0.00205 -0.00242 0.00339
0.03097 0.03007 0.01255 0.09072
0.25931 0.05256 0.16334 0.31002
0.19672 0.05654 0.09301 0.26386
0.45689 0.05784 0.38104 0.52904
-0.30451 0.07495 -0.39189 -0.21507
0.81899 0.03672 0.76023 0.86607
0.35230 0.05741 0.29918 0.45786
-0.74036 0.07213 -0.83031 -0.62020
-0.79259 0.02564 -0.83665 -0.76320
0.39796 0.01726 0.37577 0.42117
