# avg	std	min	max
0.00020 0.00001 0.00019 0.00022
0.00004 0.00001 0.00003 0.00006
-0.00013 0.00001 -0.00014 -0.00011
0.00781 0.00985 -0.00027 0.02175
0.00026 0.00046 -0.00019 0.00115
-0.00009 0.00002 -0.00011 -0.00006
0.00015 0.00001 0.00014 0.00017
0.00015 0.00001 0.00014 0.00017
-0.00021 0.00001 -0.00022 -0.00019
0.00000 0.00002 -0.00003 0.00003
0.00020 0.00001 0.00019 0.00022
-0.00016 0.00000 -0.00016 -0.00016
0.00010 0.00012 -0.00014 0.00017
-0.00001 0.00021 -0.00019 0.00025
-0.00006 0.00000 -0.00006 -0.00006
0.02703 0.04469 0.00000 0.11513
0.00316 0.00646 -0.00011 0.01608
-0.00008 0.00003 -0.00011 -0.00003
-0.00002 0.00004 -0.00007 0.00004
0.00021 0.00000 0.00021 0.00021
