# avg	std	min	max
-0.39192 0.04493 -0.45167 -0.34020
0.53330 0.00112 0.53193 0.53461
-0.15468 0.01388 -0.17904 -0.14362
-1.55830 0.13510 -1.70475 -1.30468
-1.40541 0.05753 -1.47571 -1.34370
-1.29099 0.16392 -1.48718 -1.07384
-0.76664 0.20794 -0.92513 -0.36393
-0.16293 0.39954 -0.67566 0.35212
0.24924 0.03089 0.20870 0.30077
0.39963 0.12651 0.14661 0.46333
0.00039 0.00090 -0.00063 0.00202
0.14521 0.01099 0.13868 0.16716
-0.48862 0.34692 -0.85649 -0.01340
0.58435 0.14399 0.29894 0.67922
-0.48641 0.53108 -1.07784 0.51274
-1.48988 0.18187 -1.72032 -1.16173
-1.53583 0.25894 -1.95068 -1.18155
0.03859 0.39153 -0.73013 0.31944
0.37187 0.41691 -0.37571 0.81950
0.22983 0.70890 -1.18591 0.62325
