# avg	std	min	max
0.57520 0.00322 0.57141 0.57920
0.42334 0.04307 0.33721 0.44614
0.55841 0.00420 0.55306 0.56184
0.17291 0.05829 0.11717 0.28411
1.86316 0.59759 1.35926 2.59605
0.21881 0.06901 0.13071 0.33716
0.06008 0.03813 -0.01160 0.09882
0.10358 0.29540 -0.48590 0.27923
0.40717 0.04406 0.31916 0.43278
0.82535 0.01326 0.80916 0.84126
0.00021 0.00309 -0.00549 0.00366
0.42935 0.03223 0.36512 0.44900
0.26987 0.03135 0.21497 0.30158
0.82942 0.01664 0.80843 0.85536
1.05302 0.09047 0.98275 1.23202
1.43518 0.02598 1.40176 1.45951
1.52337 0.05267 1.46807 1.61925
0.00041 0.75648 -0.92033 0.77164
0.63119 0.14767 0.41710 0.77187
0.88060 0.04454 0.79407 0.91705
