# avg	std	min	max
0.00108 0.00013 0.00091 0.00131
-0.00033 0.00000 -0.00033 -0.00032
0.02747 0.04233 -0.00244 0.11155
0.01917 0.00117 0.01802 0.02128
-0.01575 0.03222 -0.07905 0.01175
0.01494 0.00037 0.01449 0.01548
0.00017 0.00016 0.00009 0.00049
0.00556 0.01311 -0.01267 0.02634
0.00060 0.00000 0.00060 0.00061
-0.00080 0.00000 -0.00080 -0.00079
-0.00000 0.00000 -0.00001 0.00000
0.00572 0.00462 0.00330 0.01496
0.00033 0.00019 0.00009 0.00049
0.00296 0.00018 0.00270 0.00327
-0.00199 0.00027 -0.00213 -0.00145
0.02992 0.00221 0.02725 0.03390
0.09464 0.03454 0.05217 0.12316
-0.01008 0.00303 -0.01380 -0.00647
-0.03100 0.00144 -0.03265 -0.02840
0.00006 0.00001 0.00005 0.00007
