# avg	std	min	max
0.08284 0.00662 0.07864 0.09603
0.07283 0.00181 0.07065 0.07497
-0.21066 0.00342 -0.21351 -0.20418
-0.06367 0.00976 -0.07486 -0.04921
-0.20233 0.00161 -0.20445 -0.20044
-0.01868 0.05167 -0.05611 0.08392
-0.05306 0.10436 -0.25885 0.02775
-0.03066 0.01327 -0.05291 -0.01942
0.04924 0.00181 0.04563 0.05034
0.29470 0.00780 0.28883 0.30984
0.00074 0.00168 -0.00037 0.00408
0.07345 0.00044 0.07288 0.07412
0.00290 0.00797 -0.00395 0.01799
0.12130 0.03015 0.07369 0.16369
-0.45861 0.18415 -0.61847 -0.09750
0.34428 0.16174 0.20856 0.61161
0.18798 0.00763 0.17737 0.19607
-0.37719 0.03471 -0.42993 -0.33389
-0.19044 0.07174 -0.28167 -0.10630
0.23426 0.07305 0.11095 0.33113
