# avg	std	min	max
0.14208 0.00720 0.12859 0.14930
0.00506 0.00001 0.00504 0.00507
-0.00155 0.00063 -0.00211 -0.00043
-0.00754 0.00238 -0.01184 -0.00574
-0.00190 0.00101 -0.00391 -0.00127
-0.00348 0.00041 -0.00415 -0.00287
0.01654 0.05589 -0.02447 0.12668
-0.02828 0.02938 -0.07925 0.00094
0.03366 0.05358 0.00686 0.14082
0.02575 0.04017 0.00565 0.10608
-0.00002 0.00001 -0.00003 0.00000
-0.00134 0.00047 -0.00175 -0.00075
0.05495 0.07253 -0.02286 0.15742
-0.00039 0.00077 -0.00106 0.00057
-0.01025 0.00401 -0.01824 -0.00795
0.05786 0.00026 0.05757 0.05816
0.02406 0.01406 0.01560 0.05201
-0.01635 0.00086 -0.01784 -0.01528
-0.03465 0.01155 -0.05374 -0.01896
-0.00391 0.00400 -0.00875 0.00290
