# avg	std	min	max
0.00000 0.00000 0.00000 0.00001
0.00000 0.00000 0.00000 0.00000
0.00000 0.00000 0.00000 0.00000
0.00000 0.00000 0.00000 0.00000
0.00000 0.00000 0.00000 0.00000
0.00000 0.00000 0.00000 0.00000
0.00000 0.00000 0.00000 0.00000
0.00000 0.00000 0.00000 0.00000
0.00000 0.00000 0.00000 0.00000
0.00000 0.00000 0.00000 0.00000
0.00000 0.00000 0.00000 0.00000
0.00000 0.00000 0.00000 0.00000
0.00000 0.00000 0.00000 0.00000
0.00000 0.00000 0.00000 0.00000
0.00000 0.00000 0.00000 0.00001
0.01223 0.00004 0.01215 0.01227
-0.01885 0.00032 -0.01909 -0.01823
-0.01254 0.00650 -0.02215 -0.00520
-0.05951 0.01054 -0.07365 -0.04293
0.00000 0.00000 0.00000 0.00000
