# avg	std	min	max
0.00000 0.00000 0.00000 0.00000
0.00000 0.00000 0.00000 0.00000
0.00000 0.00000 0.00000 0.00000
-0.00001 0.00002 -0.00006 0.00000
0.00000 0.00000 0.00000 0.00000
-0.00018 0.00035 -0.00088 0.00000
-0.00002 0.00003 -0.00006 0.00000
-0.00062 0.00133 -0.00306 0.00082
0.00000 0.00000 0.00000 0.00000
0.00000 0.00000 0.00000 0.00000
0.00000 0.00000 0.00000 0.00000
0.00000 0.00000 0.00000 0.00000
-0.00050 0.00067 -0.00166 0.00002
0.00000 0.00000 0.00000 0.00000
0.00000 0.00000 0.00000 0.00000
-0.00075 0.00006 -0.00084 -0.00066
-0.00213 0.00071 -0.00300 -0.00153
-0.00105 0.00086 -0.00187 0.00000
-0.00217 0.00087 -0.00375 -0.00137
0.00000 0.00000 0.00000 0.00000
