# avg	std	min	max
-0.00325 0.00000 -0.00325 -0.00325
-0.00188 0.00000 -0.00188 -0.00188
-0.00071 0.00057 -0.00100 0.00042
-0.00037 0.00071 -0.00180 0.00000
-0.00118 0.00082 -0.00185 -0.00017
-0.00064 0.00079 -0.00121 0.00083
-0.00097 0.00002 -0.00101 -0.00095
0.00116 0.00029 0.00099 0.00173
-0.00438 0.00079 -0.00528 -0.00297
-0.00146 0.00000 -0.00146 -0.00145
-0.00122 0.00000 -0.00122 -0.00121
-0.00217 0.00066 -0.00250 -0.00085
-0.00001 0.00000 -0.00001 0.00000
-0.00101 0.00003 -0.00105 -0.00098
0.00065 0.00008 0.00055 0.00079
-0.04013 0.00000 -0.04014 -0.04013
-0.04014 0.00000 -0.04014 -0.04014
0.02240 0.00275 0.01981 0.02591
0.03675 0.00035 0.03621 0.03731
-0.00083 0.00082 -0.00209 0.00007
