# avg	std	min	max
0.00000 0.00000 0.00000 0.00000
0.00000 0.00000 0.00000 0.00000
0.00048 0.00000 0.00048 0.00048
0.00000 0.00000 0.00000 0.00000
0.00000 0.00000 0.00000 0.00000
-0.00002 0.00000 -0.00002 -0.00002
-0.00002 0.00000 -0.00002 -0.00002
0.00000 0.00000 0.00000 0.00000
0.00000 0.00000 0.00000 0.00000
0.00000 0.00000 0.00000 0.00000
0.00068 0.00000 0.00068 0.00068
0.00000 0.00000 0.00000 0.00000
0.00002 0.00000 0.00002 0.00002
0.00000 0.00000 0.00000 0.00000
0.00000 0.00000 0.00000 0.00000
0.00000 0.00000 0.00000 0.00000
0.00000 0.00000 0.00000 0.00000
-0.00006 0.00000 -0.00006 -0.00006
-0.00002 0.00000 -0.00002 -0.00002
0.00004 0.00000 0.00004 0.00004
