# avg	std	min	max
0.08258 0.00000 0.08258 0.08258
0.00000 0.00000 0.00000 0.00000
-0.10278 0.00000 -0.10278 -0.10278
0.25536 0.00000 0.25536 0.25536
-0.07496 0.00000 -0.07496 -0.07496
0.05690 0.00000 0.05690 0.05690
0.03888 0.00000 0.03888 0.03888
0.11866 0.00000 0.11866 0.11866
-0.19804 0.00000 -0.19804 -0.19804
-0.02544 0.00000 -0.02544 -0.02544
-0.07750 0.00000 -0.07750 -0.07750
-0.02132 0.00000 -0.02132 -0.02132
0.64382 0.00000 0.64382 0.64382
-0.05420 0.00000 -0.05420 -0.05420
-0.00266 0.00000 -0.00266 -0.00266
0.52150 0.00000 0.52150 0.52150
0.36206 0.00000 0.36206 0.36206
-0.17928 0.00000 -0.17928 -0.17928
-0.24834 0.00000 -0.24834 -0.24834
0.07976 0.00000 0.07976 0.07976
