# avg	std	min	max
-0.10570 0.00000 -0.10570 -0.10570
0.00000 0.00000 0.00000 0.00000
-0.65086 0.00000 -0.65086 -0.65086
-1.09672 0.00000 -1.09672 -1.09672
-0.75264 0.00000 -0.75264 -0.75264
-1.29240 0.00000 -1.29240 -1.29240
-0.41480 0.00000 -0.41480 -0.41480
-0.55384 0.00000 -0.55384 -0.55384
-0.08300 0.00000 -0.08300 -0.08300
0.09762 0.00000 0.09762 0.09762
0.10654 0.00000 0.10654 0.10654
-0.08958 0.00000 -0.08958 -0.08958
-0.36606 0.00000 -0.36606 -0.36606
-0.09370 0.00000 -0.09370 -0.09370
-0.24422 0.00000 -0.24422 -0.24422
-0.24656 0.00000 -0.24656 -0.24656
-0.33162 0.00000 -0.33162 -0.33162
-0.55680 0.00000 -0.55680 -0.55680
-0.85684 0.00000 -0.85684 -0.85684
0.03776 0.00000 0.03776 0.03776
