# avg	std	min	max
-0.00778 0.00000 -0.00778 -0.00778
-0.01092 0.00000 -0.01092 -0.01092
0.03140 0.00000 0.03140 0.03140
0.06280 0.00000 0.06280 0.06280
0.03940 0.00000 0.03940 0.03940
0.06270 0.00000 0.06270 0.06270
-0.03724 0.00000 -0.03724 -0.03724
-0.01130 0.00000 -0.01130 -0.01130
-0.01088 0.00000 -0.01088 -0.01088
-0.01172 0.00000 -0.01172 -0.01172
0.00394 0.00000 0.00394 0.00394
0.02744 0.00000 0.02744 0.02744
-0.01486 0.00000 -0.01486 -0.01486
-0.01066 0.00000 -0.01066 -0.01066
-0.01082 0.00000 -0.01082 -0.01082
0.00026 0.00000 0.00026 0.00026
-0.00582 0.00000 -0.00582 -0.00582
-0.01090 0.00000 -0.01090 -0.01090
-0.00038 0.00000 -0.00038 -0.00038
0.00080 0.00000 0.00080 0.00080
