# avg	std	min	max
0.00650 0.00000 0.00650 0.00650
0.00640 0.00000 0.00640 0.00640
-0.07262 0.00000 -0.07262 -0.07262
-0.05324 0.00000 -0.05324 -0.05324
-0.00666 0.00000 -0.00666 -0.00666
0.00636 0.00000 0.00636 0.00636
0.00638 0.00000 0.00638 0.00638
0.00634 0.00000 0.00634 0.00634
-0.03958 0.00000 -0.03958 -0.03958
0.00632 0.00000 0.00632 0.00632
0.00630 0.00000 0.00630 0.00630
0.00632 0.00000 0.00632 0.00632
0.00632 0.00000 0.00632 0.00632
0.00634 0.00000 0.00634 0.00634
0.00644 0.00000 0.00644 0.00644
0.00000 0.00000 0.00000 0.00000
0.00250 0.00000 0.00250 0.00250
0.01200 0.00000 0.01200 0.01200
-0.02596 0.00000 -0.02596 -0.02596
0.00634 0.00000 0.00634 0.00634
