# avg	std	min	max
0.00000 0.00000 0.00000 0.00000
0.00000 0.00000 0.00000 0.00000
-0.03866 0.00000 -0.03866 -0.03866
0.00000 0.00000 0.00000 0.00000
-0.10420 0.00000 -0.10420 -0.10420
0.00000 0.00000 0.00000 0.00000
0.00000 0.00000 0.00000 0.00000
0.00000 0.00000 0.00000 0.00000
0.00000 0.00000 0.00000 0.00000
0.00250 0.00000 0.00250 0.00250
0.00250 0.00000 0.00250 0.00250
0.00000 0.00000 0.00000 0.00000
0.00000 0.00000 0.00000 0.00000
0.00000 0.00000 0.00000 0.00000
0.00000 0.00000 0.00000 0.00000
0.02550 0.00000 0.02550 0.02550
0.03092 0.00000 0.03092 0.03092
-0.01252 0.00000 -0.01252 -0.01252
-0.03872 0.00000 -0.03872 -0.03872
0.00000 0.00000 0.00000 0.00000
