# avg	std	min	max
0.00000 0.00000 0.00000 0.00000
0.00002 0.00000 0.00002 0.00002
-0.00416 0.00000 -0.00416 -0.00416
0.00628 0.00000 0.00628 0.00628
-0.01284 0.00000 -0.01284 -0.01284
0.00662 0.00000 0.00662 0.00662
-0.00258 0.00000 -0.00258 -0.00258
-0.01544 0.00000 -0.01544 -0.01544
0.00000 0.00000 0.00000 0.00000
-0.00932 0.00000 -0.00932 -0.00932
-0.00724 0.00000 -0.00724 -0.00724
0.00000 0.00000 0.00000 0.00000
0.00442 0.00000 0.00442 0.00442
-0.03290 0.00000 -0.03290 -0.03290
0.00000 0.00000 0.00000 0.00000
-0.01938 0.00000 -0.01938 -0.01938
-0.00420 0.00000 -0.00420 -0.00420
0.00584 0.00000 0.00584 0.00584
-0.00002 0.00000 -0.00002 -0.00002
-0.04978 0.00000 -0.04978 -0.04978
