# avg	std	min	max
0.00000 0.00000 0.00000 0.00000
0.00000 0.00000 0.00000 0.00000
0.00000 0.00000 0.00000 0.00000
0.00000 0.00000 0.00000 0.00000
0.00000 0.00000 0.00000 0.00000
0.00000 0.00000 0.00000 0.00000
0.00000 0.00000 0.00000 0.00000
-0.00002 0.00000 -0.00002 -0.00002
0.00000 0.00000 0.00000 0.00000
0.00000 0.00000 0.00000 0.00000
0.00002 0.00000 0.00002 0.00002
0.00000 0.00000 0.00000 0.00000
0.00004 0.00000 0.00004 0.00004
-0.00004 0.00000 -0.00004 -0.00004
0.00000 0.00000 0.00000 0.00000
-0.00568 0.00000 -0.00568 -0.00568
-0.00006 0.00000 -0.00006 -0.00006
0.00000 0.00000 0.00000 0.00000
-0.00004 0.00000 -0.00004 -0.00004
-0.00002 0.00000 -0.00002 -0.00002
