# avg	std	min	max
0.00000 0.00000 0.00000 0.00000
-0.00020 0.00000 -0.00020 -0.00020
0.00280 0.00000 0.00280 0.00280
-0.00082 0.00000 -0.00082 -0.00082
-0.00274 0.00000 -0.00274 -0.00274
-0.00120 0.00000 -0.00120 -0.00120
-0.00030 0.00000 -0.00030 -0.00030
-0.00040 0.00000 -0.00040 -0.00040
0.00006 0.00000 0.00006 0.00006
-0.00028 0.00000 -0.00028 -0.00028
-0.00226 0.00000 -0.00226 -0.00226
-0.00006 0.00000 -0.00006 -0.00006
0.00016 0.00000 0.00016 0.00016
-0.00062 0.00000 -0.00062 -0.00062
-0.00018 0.00000 -0.00018 -0.00018
0.11054 0.00000 0.11054 0.11054
0.00936 0.00000 0.00936 0.00936
0.00160 0.00000 0.00160 0.00160
-0.00206 0.00000 -0.00206 -0.00206
-0.00010 0.00000 -0.00010 -0.00010
