# avg	std	min	max
1.55604 0.00000 1.55604 1.55604
0.83750 0.00000 0.83750 0.83750
0.09032 0.00000 0.09032 0.09032
0.58722 0.00000 0.58722 0.58722
-0.09990 0.00000 -0.09990 -0.09990
0.36760 0.00000 0.36760 0.36760
1.41810 0.00000 1.41810 1.41810
0.48220 0.00000 0.48220 0.48220
-0.24106 0.00000 -0.24106 -0.24106
1.01066 0.00000 1.01066 1.01066
0.57186 0.00000 0.57186 0.57186
0.69990 0.00000 0.69990 0.69990
0.78054 0.00000 0.78054 0.78054
0.17794 0.00000 0.17794 0.17794
0.07208 0.00000 0.07208 0.07208
1.08830 0.00000 1.08830 1.08830
0.45598 0.00000 0.45598 0.45598
-0.18998 0.00000 -0.18998 -0.18998
1.50386 0.00000 1.50386 1.50386
-0.10016 0.00000 -0.10016 -0.10016
