# avg	std	min	max
-0.00364 0.00000 -0.00364 -0.00364
0.00012 0.00000 0.00012 0.00012
0.00140 0.00000 0.00140 0.00140
0.01162 0.00000 0.01162 0.01162
0.00000 0.00000 0.00000 0.00000
0.00738 0.00000 0.00738 0.00738
-0.03158 0.00000 -0.03158 -0.03158
0.01356 0.00000 0.01356 0.01356
-0.00140 0.00000 -0.00140 -0.00140
-0.00098 0.00000 -0.00098 -0.00098
0.00136 0.00000 0.00136 0.00136
0.00090 0.00000 0.00090 0.00090
-0.00624 0.00000 -0.00624 -0.00624
0.00796 0.00000 0.00796 0.00796
-0.00596 0.00000 -0.00596 -0.00596
0.21478 0.00000 0.21478 0.21478
0.12246 0.00000 0.12246 0.12246
-0.06186 0.00000 -0.06186 -0.06186
-0.17892 0.00000 -0.17892 -0.17892
-0.00062 0.00000 -0.00062 -0.00062
