# avg	std	min	max
-0.00332 0.00000 -0.00332 -0.00332
-0.00558 0.00000 -0.00558 -0.00558
-0.00410 0.00000 -0.00410 -0.00410
0.00000 0.00000 0.00000 0.00000
-0.00530 0.00000 -0.00530 -0.00530
0.00274 0.00000 0.00274 0.00274
0.00162 0.00000 0.00162 0.00162
-0.00318 0.00000 -0.00318 -0.00318
-0.00466 0.00000 -0.00466 -0.00466
-0.00444 0.00000 -0.00444 -0.00444
-0.00492 0.00000 -0.00492 -0.00492
-0.00422 0.00000 -0.00422 -0.00422
-0.00224 0.00000 -0.00224 -0.00224
-0.00358 0.00000 -0.00358 -0.00358
-0.00108 0.00000 -0.00108 -0.00108
0.03510 0.00000 0.03510 0.03510
-0.02316 0.00000 -0.02316 -0.02316
-0.00546 0.00000 -0.00546 -0.00546
-0.01018 0.00000 -0.01018 -0.01018
0.00372 0.00000 0.00372 0.00372
