# avg	std	min	max
0.00000 0.00000 0.00000 0.00000
0.00000 0.00000 0.00000 0.00000
0.00000 0.00000 0.00000 0.00000
0.00000 0.00000 0.00000 0.00000
0.00000 0.00000 0.00000 0.00000
0.00000 0.00000 0.00000 0.00000
-0.05734 0.00000 -0.05734 -0.05734
0.00214 0.00000 0.00214 0.00214
0.00000 0.00000 0.00000 0.00000
0.00000 0.00000 0.00000 0.00000
0.00000 0.00000 0.00000 0.00000
0.00000 0.00000 0.00000 0.00000
-0.05878 0.00000 -0.05878 -0.05878
0.00000 0.00000 0.00000 0.00000
0.00000 0.00000 0.00000 0.00000
0.00710 0.00000 0.00710 0.00710
0.03068 0.00000 0.03068 0.03068
-0.02918 0.00000 -0.02918 -0.02918
-0.06232 0.00000 -0.06232 -0.06232
0.00000 0.00000 0.00000 0.00000
