# avg	std	min	max
0.00026 0.00000 0.00026 0.00026
0.00044 0.00000 0.00044 0.00044
0.00000 0.00000 0.00000 0.00000
0.00000 0.00000 0.00000 0.00000
-0.00234 0.00000 -0.00234 -0.00234
0.00006 0.00000 0.00006 0.00006
0.00008 0.00000 0.00008 0.00008
0.00544 0.00000 0.00544 0.00544
0.05498 0.00000 0.05498 0.05498
-0.00218 0.00000 -0.00218 -0.00218
0.00000 0.00000 0.00000 0.00000
0.00000 0.00000 0.00000 0.00000
0.01008 0.00000 0.01008 0.01008
0.00000 0.00000 0.00000 0.00000
0.00000 0.00000 0.00000 0.00000
0.10364 0.00000 0.10364 0.10364
0.13362 0.00000 0.13362 0.13362
-0.09804 0.00000 -0.09804 -0.09804
-0.08602 0.00000 -0.08602 -0.08602
-0.00520 0.00000 -0.00520 -0.00520
