# avg	std	min	max
0.00198 0.00000 0.00198 0.00198
0.00008 0.00000 0.00008 0.00008
-0.00300 0.00000 -0.00300 -0.00300
-0.00482 0.00000 -0.00482 -0.00482
-0.00334 0.00000 -0.00334 -0.00334
0.00000 0.00000 0.00000 0.00000
0.00222 0.00000 0.00222 0.00222
-0.00844 0.00000 -0.00844 -0.00844
-0.01906 0.00000 -0.01906 -0.01906
-0.00328 0.00000 -0.00328 -0.00328
-0.00626 0.00000 -0.00626 -0.00626
-0.00262 0.00000 -0.00262 -0.00262
0.00138 0.00000 0.00138 0.00138
-0.00010 0.00000 -0.00010 -0.00010
-0.00082 0.00000 -0.00082 -0.00082
0.01034 0.00000 0.01034 0.01034
0.01894 0.00000 0.01894 0.01894
-0.00158 0.00000 -0.00158 -0.00158
-0.00220 0.00000 -0.00220 -0.00220
-0.00170 0.00000 -0.00170 -0.00170
