# avg	std	min	max
-0.02290 0.00000 -0.02290 -0.02290
-0.02290 0.00000 -0.02290 -0.02290
-0.01038 0.00000 -0.01038 -0.01038
0.00000 0.00000 0.00000 0.00000
-0.09126 0.00000 -0.09126 -0.09126
-0.48444 0.00000 -0.48444 -0.48444
-0.68032 0.00000 -0.68032 -0.68032
0.00000 0.00000 0.00000 0.00000
-0.00864 0.00000 -0.00864 -0.00864
0.00000 0.00000 0.00000 0.00000
-0.00510 0.00000 -0.00510 -0.00510
0.00000 0.00000 0.00000 0.00000
-0.07064 0.00000 -0.07064 -0.07064
0.00000 0.00000 0.00000 0.00000
-0.02482 0.00000 -0.02482 -0.02482
-0.06898 0.00000 -0.06898 -0.06898
-0.19176 0.00000 -0.19176 -0.19176
-0.09756 0.00000 -0.09756 -0.09756
-0.07922 0.00000 -0.07922 -0.07922
0.00000 0.00000 0.00000 0.00000
