# avg	std	min	max
-0.00930 0.00000 -0.00930 -0.00930
-0.00700 0.00000 -0.00700 -0.00700
-0.04676 0.00000 -0.04676 -0.04676
-0.11976 0.00000 -0.11976 -0.11976
-0.08068 0.00000 -0.08068 -0.08068
0.03738 0.00000 0.03738 0.03738
-0.06418 0.00000 -0.06418 -0.06418
0.00234 0.00000 0.00234 0.00234
0.00000 0.00000 0.00000 0.00000
0.10498 0.00000 0.10498 0.10498
0.10410 0.00000 0.10410 0.10410
-0.03040 0.00000 -0.03040 -0.03040
-0.06404 0.00000 -0.06404 -0.06404
0.09032 0.00000 0.09032 0.09032
0.22610 0.00000 0.22610 0.22610
-0.02828 0.00000 -0.02828 -0.02828
0.24726 0.00000 0.24726 0.24726
-0.03280 0.00000 -0.03280 -0.03280
0.01024 0.00000 0.01024 0.01024
0.13382 0.00000 0.13382 0.13382
