# avg	std	min	max
0.27530 0.00000 0.27530 0.27530
0.65160 0.00000 0.65160 0.65160
-0.52928 0.00000 -0.52928 -0.52928
-0.73754 0.00000 -0.73754 -0.73754
-0.76162 0.00000 -0.76162 -0.76162
-0.75522 0.00000 -0.75522 -0.75522
0.21282 0.00000 0.21282 0.21282
0.12120 0.00000 0.12120 0.12120
0.01404 0.00000 0.01404 0.01404
-0.23380 0.00000 -0.23380 -0.23380
-0.48252 0.00000 -0.48252 -0.48252
0.66644 0.00000 0.66644 0.66644
0.23310 0.00000 0.23310 0.23310
-0.24248 0.00000 -0.24248 -0.24248
0.04406 0.00000 0.04406 0.04406
-1.56058 0.00000 -1.56058 -1.56058
-1.20706 0.00000 -1.20706 -1.20706
-0.45876 0.00000 -0.45876 -0.45876
0.34960 0.00000 0.34960 0.34960
0.42024 0.00000 0.42024 0.42024
