# avg	std	min	max
0.35806 0.00000 0.35806 0.35806
0.02132 0.00000 0.02132 0.02132
-0.22892 0.00000 -0.22892 -0.22892
-0.16342 0.00000 -0.16342 -0.16342
0.11438 0.00000 0.11438 0.11438
-0.10534 0.00000 -0.10534 -0.10534
-0.29536 0.00000 -0.29536 -0.29536
-0.71720 0.00000 -0.71720 -0.71720
0.04996 0.00000 0.04996 0.04996
0.27324 0.00000 0.27324 0.27324
0.00440 0.00000 0.00440 0.00440
0.07680 0.00000 0.07680 0.07680
-0.20578 0.00000 -0.20578 -0.20578
0.10768 0.00000 0.10768 0.10768
-0.02816 0.00000 -0.02816 -0.02816
0.47436 0.00000 0.47436 0.47436
0.24504 0.00000 0.24504 0.24504
-0.14808 0.00000 -0.14808 -0.14808
-0.21434 0.00000 -0.21434 -0.21434
-0.15892 0.00000 -0.15892 -0.15892
