# avg	std	min	max
0.00004 0.00000 0.00004 0.00004
0.00000 0.00000 0.00000 0.00000
-0.00010 0.00000 -0.00010 -0.00010
0.00000 0.00000 0.00000 0.00000
-0.00004 0.00000 -0.00004 -0.00004
0.00000 0.00000 0.00000 0.00000
-0.00004 0.00000 -0.00004 -0.00004
0.00000 0.00000 0.00000 0.00000
0.00000 0.00000 0.00000 0.00000
0.00000 0.00000 0.00000 0.00000
0.00000 0.00000 0.00000 0.00000
0.00000 0.00000 0.00000 0.00000
0.00000 0.00000 0.00000 0.00000
0.00000 0.00000 0.00000 0.00000
0.00000 0.00000 0.00000 0.00000
-0.00040 0.00000 -0.00040 -0.00040
-0.00034 0.00000 -0.00034 -0.00034
0.00096 0.00000 0.00096 0.00096
0.00090 0.00000 0.00090 0.00090
0.00000 0.00000 0.00000 0.00000
