# avg	std	min	max
3.58842 0.00000 3.58842 3.58842
3.54638 0.00000 3.54638 3.54638
3.19226 0.00000 3.19226 3.19226
3.56214 0.00000 3.56214 3.56214
3.39542 0.00000 3.39542 3.39542
3.07800 0.00000 3.07800 3.07800
3.45898 0.00000 3.45898 3.45898
3.70150 0.00000 3.70150 3.70150
3.01096 0.00000 3.01096 3.01096
2.87084 0.00000 2.87084 2.87084
2.78544 0.00000 2.78544 2.78544
3.49224 0.00000 3.49224 3.49224
3.45258 0.00000 3.45258 3.45258
3.76546 0.00000 3.76546 3.76546
2.95168 0.00000 2.95168 2.95168
4.26868 0.00000 4.26868 4.26868
4.51850 0.00000 4.51850 4.51850
3.17256 0.00000 3.17256 3.17256
-0.02380 0.00000 -0.02380 -0.02380
3.19272 0.00000 3.19272 3.19272
