# avg	std	min	max
3.75518 0.00000 3.75518 3.75518
3.74406 0.00000 3.74406 3.74406
3.79448 0.00000 3.79448 3.79448
3.42130 0.00000 3.42130 3.42130
3.51726 0.00000 3.51726 3.51726
3.49534 0.00000 3.49534 3.49534
3.02324 0.00000 3.02324 3.02324
5.69900 0.00000 5.69900 5.69900
3.67028 0.00000 3.67028 3.67028
3.64718 0.00000 3.64718 3.64718
3.68430 0.00000 3.68430 3.68430
3.79580 0.00000 3.79580 3.79580
1.56940 0.00000 1.56940 1.56940
3.84066 0.00000 3.84066 3.84066
3.75210 0.00000 3.75210 3.75210
5.59022 0.00000 5.59022 5.59022
4.89022 0.00000 4.89022 4.89022
2.21192 0.00000 2.21192 2.21192
-0.00630 0.00000 -0.00630 -0.00630
2.51878 0.00000 2.51878 2.51878
