# avg	std	min	max
1.36272 0.00000 1.36272 1.36272
1.19622 0.00000 1.19622 1.19622
2.10038 0.00000 2.10038 2.10038
3.13512 0.00000 3.13512 3.13512
2.24642 0.00000 2.24642 2.24642
0.77296 0.00000 0.77296 0.77296
19.86512 0.00000 19.86512 19.86512
11.50565 0.00000 11.50565 11.50565
1.34490 0.00000 1.34490 1.34490
0.00090 0.00000 0.00090 0.00090
0.53310 0.00000 0.53310 0.53310
-0.09408 0.00000 -0.09408 -0.09408
19.05884 0.00000 19.05884 19.05884
5.05316 0.00000 5.05316 5.05316
1.64450 0.00000 1.64450 1.64450
8.63681 0.00000 8.63681 8.63681
4.86414 0.00000 4.86414 4.86414
1.57444 0.00000 1.57444 1.57444
0.44326 0.00000 0.44326 0.44326
12.05992 0.00000 12.05992 12.05992
