# avg	std	min	max
1.69690 0.00000 1.69690 1.69690
0.64210 0.00000 0.64210 0.64210
0.00000 0.00000 0.00000 0.00000
-0.49054 0.00000 -0.49054 -0.49054
-0.18808 0.00000 -0.18808 -0.18808
-0.66820 0.00000 -0.66820 -0.66820
-0.66376 0.00000 -0.66376 -0.66376
-0.26614 0.00000 -0.26614 -0.26614
3.38064 0.00000 3.38064 3.38064
1.30780 0.00000 1.30780 1.30780
1.08276 0.00000 1.08276 1.08276
0.59216 0.00000 0.59216 0.59216
-0.92596 0.00000 -0.92596 -0.92596
0.63320 0.00000 0.63320 0.63320
-0.53534 0.00000 -0.53534 -0.53534
1.06844 0.00000 1.06844 1.06844
0.25672 0.00000 0.25672 0.25672
-0.04488 0.00000 -0.04488 -0.04488
-0.42912 0.00000 -0.42912 -0.42912
1.02092 0.00000 1.02092 1.02092
