# avg	std	min	max
-0.00692 0.00000 -0.00692 -0.00692
0.00000 0.00000 0.00000 0.00000
0.00000 0.00000 0.00000 0.00000
0.00000 0.00000 0.00000 0.00000
0.00000 0.00000 0.00000 0.00000
0.00000 0.00000 0.00000 0.00000
0.00000 0.00000 0.00000 0.00000
0.00000 0.00000 0.00000 0.00000
0.00000 0.00000 0.00000 0.00000
0.00000 0.00000 0.00000 0.00000
0.00000 0.00000 0.00000 0.00000
0.00000 0.00000 0.00000 0.00000
0.00000 0.00000 0.00000 0.00000
0.00000 0.00000 0.00000 0.00000
0.00000 0.00000 0.00000 0.00000
0.00795 0.00000 0.00795 0.00795
0.01165 0.00000 0.01165 0.01165
-0.00940 0.00000 -0.00940 -0.00940
-0.01189 0.00000 -0.01189 -0.01189
0.00000 0.00000 0.00000 0.00000
