# avg	std	min	max
0.00513 0.00000 0.00513 0.00513
0.00506 0.00000 0.00506 0.00506
0.00496 0.00000 0.00496 0.00496
0.00502 0.00000 0.00502 0.00502
0.00492 0.00000 0.00492 0.00492
0.00501 0.00000 0.00501 0.00501
0.00484 0.00000 0.00484 0.00484
0.00497 0.00000 0.00497 0.00497
0.00505 0.00000 0.00505 0.00505
0.00503 0.00000 0.00503 0.00503
0.00492 0.00000 0.00492 0.00492
0.00504 0.00000 0.00504 0.00504
0.00490 0.00000 0.00490 0.00490
0.00507 0.00000 0.00507 0.00507
0.00509 0.00000 0.00509 0.00509
-0.00000 0.00000 -0.00000 -0.00000
0.00002 0.00000 0.00002 0.00002
0.00743 0.00000 0.00743 0.00743
0.00958 0.00000 0.00958 0.00958
0.00496 0.00000 0.00496 0.00496
