# avg	std	min	max
0.00000 0.00000 0.00000 0.00000
0.00000 0.00000 0.00000 0.00000
-0.00001 0.00000 -0.00001 -0.00001
-0.00014 0.00000 -0.00014 -0.00014
-0.00011 0.00000 -0.00011 -0.00011
0.00000 0.00000 0.00000 0.00000
0.00000 0.00000 0.00000 0.00000
0.00659 0.00000 0.00659 0.00659
0.00000 0.00000 0.00000 0.00000
0.00000 0.00000 0.00000 0.00000
0.00000 0.00000 0.00000 0.00000
-0.00013 0.00000 -0.00013 -0.00013
0.00002 0.00000 0.00002 0.00002
0.00014 0.00000 0.00014 0.00014
0.00015 0.00000 0.00015 0.00015
-0.00118 0.00000 -0.00118 -0.00118
-0.00227 0.00000 -0.00227 -0.00227
0.00146 0.00000 0.00146 0.00146
0.00146 0.00000 0.00146 0.00146
-0.00033 0.00000 -0.00033 -0.00033
