# avg	std	min	max
0.00000 0.00000 0.00000 0.00000
-0.01119 0.00000 -0.01119 -0.01119
0.46836 0.00000 0.46836 0.46836
-0.01119 0.00000 -0.01119 -0.01119
-0.01022 0.00000 -0.01022 -0.01022
0.49115 0.00000 0.49115 0.49115
0.99010 0.00000 0.99010 0.99010
1.17088 0.00000 1.17088 1.17088
-0.01119 0.00000 -0.01119 -0.01119
-0.01119 0.00000 -0.01119 -0.01119
-0.01119 0.00000 -0.01119 -0.01119
0.20600 0.00000 0.20600 0.20600
0.72679 0.00000 0.72679 0.72679
0.15734 0.00000 0.15734 0.15734
0.88081 0.00000 0.88081 0.88081
0.31885 0.00000 0.31885 0.31885
0.57432 0.00000 0.57432 0.57432
0.36220 0.00000 0.36220 0.36220
0.62674 0.00000 0.62674 0.62674
0.20609 0.00000 0.20609 0.20609
