# avg	std	min	max
0.00103 0.00000 0.00103 0.00103
-0.01514 0.00000 -0.01514 -0.01514
0.00000 0.00000 0.00000 0.00000
-0.00024 0.00000 -0.00024 -0.00024
0.00335 0.00000 0.00335 0.00335
0.00000 0.00000 0.00000 0.00000
0.00000 0.00000 0.00000 0.00000
0.00000 0.00000 0.00000 0.00000
0.00000 0.00000 0.00000 0.00000
-0.01514 0.00000 -0.01514 -0.01514
0.00000 0.00000 0.00000 0.00000
0.00000 0.00000 0.00000 0.00000
0.00000 0.00000 0.00000 0.00000
0.00000 0.00000 0.00000 0.00000
0.00000 0.00000 0.00000 0.00000
-0.00048 0.00000 -0.00048 -0.00048
-0.00071 0.00000 -0.00071 -0.00071
0.00276 0.00000 0.00276 0.00276
0.00024 0.00000 0.00024 0.00024
0.00000 0.00000 0.00000 0.00000
