# avg	std	min	max
0.00000 0.00000 0.00000 0.00000
0.00000 0.00000 0.00000 0.00000
0.00000 0.00000 0.00000 0.00000
0.00000 0.00000 0.00000 0.00000
0.00000 0.00000 0.00000 0.00000
0.00000 0.00000 0.00000 0.00000
0.00000 0.00000 0.00000 0.00000
0.00000 0.00000 0.00000 0.00000
0.00000 0.00000 0.00000 0.00000
0.00001 0.00000 0.00001 0.00001
-0.00089 0.00000 -0.00089 -0.00089
-0.00000 0.00000 -0.00000 -0.00000
0.00046 0.00000 0.00046 0.00046
-0.00001 0.00000 -0.00001 -0.00001
-0.00044 0.00000 -0.00044 -0.00044
0.00001 0.00000 0.00001 0.00001
0.00000 0.00000 0.00000 0.00000
0.00000 0.00000 0.00000 0.00000
0.00035 0.00000 0.00035 0.00035
0.00000 0.00000 0.00000 0.00000
