# avg	std	min	max
0.01414 0.00000 0.01414 0.01414
0.01337 0.00000 0.01337 0.01337
0.01335 0.00000 0.01335 0.01335
0.00739 0.00000 0.00739 0.00739
0.01413 0.00000 0.01413 0.01413
0.00245 0.00000 0.00245 0.00245
0.01256 0.00000 0.01256 0.01256
0.01251 0.00000 0.01251 0.01251
0.01226 0.00000 0.01226 0.01226
0.01315 0.00000 0.01315 0.01315
0.01626 0.00000 0.01626 0.01626
0.01285 0.00000 0.01285 0.01285
0.01365 0.00000 0.01365 0.01365
0.01251 0.00000 0.01251 0.01251
0.01262 0.00000 0.01262 0.01262
0.01833 0.00000 0.01833 0.01833
0.01776 0.00000 0.01776 0.01776
0.00540 0.00000 0.00540 0.00540
0.00028 0.00000 0.00028 0.00028
0.01127 0.00000 0.01127 0.01127
