# avg	std	min	max
-0.20462 0.00000 -0.20462 -0.20462
-0.21549 0.00000 -0.21549 -0.21549
-0.21797 0.00000 -0.21797 -0.21797
-0.21488 0.00000 -0.21488 -0.21488
-0.19303 0.00000 -0.19303 -0.19303
-0.21862 0.00000 -0.21862 -0.21862
-0.20134 0.00000 -0.20134 -0.20134
-0.12730 0.00000 -0.12730 -0.12730
-0.21715 0.00000 -0.21715 -0.21715
-0.20404 0.00000 -0.20404 -0.20404
-0.21453 0.00000 -0.21453 -0.21453
-0.19925 0.00000 -0.19925 -0.19925
-0.21075 0.00000 -0.21075 -0.21075
-0.21500 0.00000 -0.21500 -0.21500
-0.16534 0.00000 -0.16534 -0.16534
-0.18557 0.00000 -0.18557 -0.18557
-0.19490 0.00000 -0.19490 -0.19490
-1.42894 0.00000 -1.42894 -1.42894
0.00176 0.00000 0.00176 0.00176
-0.21503 0.00000 -0.21503 -0.21503
