# avg	std	min	max
-0.00060 0.00000 -0.00060 -0.00060
-0.00002 0.00000 -0.00002 -0.00002
0.00043 0.00000 0.00043 0.00043
-0.00089 0.00000 -0.00089 -0.00089
0.00034 0.00000 0.00034 0.00034
-0.00450 0.00000 -0.00450 -0.00450
-0.00219 0.00000 -0.00219 -0.00219
0.04799 0.00000 0.04799 0.04799
0.00081 0.00000 0.00081 0.00081
-0.00001 0.00000 -0.00001 -0.00001
0.00000 0.00000 0.00000 0.00000
0.00000 0.00000 0.00000 0.00000
0.02752 0.00000 0.02752 0.02752
-0.00116 0.00000 -0.00116 -0.00116
-0.00593 0.00000 -0.00593 -0.00593
0.01134 0.00000 0.01134 0.01134
0.00834 0.00000 0.00834 0.00834
-0.00558 0.00000 -0.00558 -0.00558
-0.01317 0.00000 -0.01317 -0.01317
-0.00391 0.00000 -0.00391 -0.00391
